378	1
379	1
380	1
381	1
382	1
383	1
384	1
385	1
386	1
387	1
473	1
474	1
475	1
476	1
477	1
478	1
479	1
480	1
481	1
769	1
770	1
771	1
772	1
773	1
774	1
775	1
776	1
777	1
1636	1
1637	1
1638	1
1639	1
1640	1
1641	1
1642	1
1643	1
2020	1
2021	1
2022	1
2023	1
2024	1
2025	1
2026	1
2027	1
2028	1
2029	1
2030	1
2031	1
2032	1
2048	1
2049	1
2050	1
2051	1
2052	1
2053	1
2054	1
2055	1
2056	1
2057	1
2058	1
2059	1
2087	1
2088	1
2089	1
2090	1
2091	1
2092	1
2093	1
2094	1
2095	1
2096	1
2097	1
2478	1
2479	1
2480	1
2481	1
2482	1
2483	1
2484	1
2485	1
2486	1
2487	1
2488	1
2852	1
2853	1
2854	1
2855	1
2856	1
2857	1
2858	1
2859	1
2860	1
3630	1
3631	1
3632	1
3633	1
3634	1
3635	1
3636	1
3637	1
3638	1
3639	1
3640	1
3641	1
3642	1
3643	1
3644	1
3645	1
3646	1
3647	1
3648	1
3649	1
3650	1
3651	1
3652	1
3653	1
3654	1
3655	1
3656	1
3657	1
3658	1
3659	1
3660	1
3661	1
3662	1
3663	1
3664	1
3665	1
3666	1
3667	1
3668	1
3669	1
3670	1
3671	1
3672	1
3673	1
3674	1
3675	1
3676	1
3677	1
3678	1
3679	1
3680	1
3717	1
3718	1
3719	1
3720	1
3721	1
3722	1
3865	1
3866	1
3867	1
3868	1
3869	1
3870	1
3871	1
3872	1
3873	1
4015	1
4016	1
4017	1
4018	1
4019	1
4020	1
4021	1
4022	1
4309	1
4310	1
4311	1
4312	1
4313	1
4314	1
4315	1
4316	1
4317	1
4318	1
4319	1
4949	1
4950	1
4951	1
4952	1
4953	1
4954	1
4955	1
4956	1
4957	1
4958	1
4959	1
4960	1
4961	1
4962	1
4963	1
5653	1
5654	1
5655	1
5656	1
5657	1
5658	1
5659	1
5660	1
5661	1
5683	1
5684	1
5685	1
5686	1
5687	1
6075	1
6076	1
6077	1
6078	1
6079	1
6080	1
6081	1
6082	1
6083	1
6084	1
6085	1
6488	1
6489	1
6490	1
6491	1
6492	1
6493	1
6494	1
6495	1
6496	1
6497	1
6969	1
6970	1
6971	1
6972	1
6973	1
6974	1
6975	1
6976	1
6977	1
6978	1
7713	1
7714	1
7715	1
7716	1
7717	1
7718	1
7719	1
7720	1
7721	1
7722	1
7723	1
8121	1
8122	1
8123	1
8124	1
8125	1
8126	1
8127	1
8128	1
8129	1
8130	1
8131	1
8132	1
8133	1
8433	1
8434	1
8435	1
8436	1
8437	1
8438	1
8439	1
8440	1
8441	1
9367	1
9368	1
9369	1
9370	1
9371	1
9372	1
9373	1
9374	1
9375	1
9376	1
9377	1
9378	1
9379	1
9380	1
9381	1
9382	1
9383	1
9384	1
9385	1
9404	1
9405	1
9406	1
9407	1
9408	1
9409	1
9410	1
9411	1
9412	1
9413	1
9414	1
9415	1
9442	1
9443	1
9886	1
9887	1
9888	1
9889	1
9890	1
9891	1
9892	1
9893	1
9894	1
9895	1
9896	1
10520	1
10521	1
10522	1
10523	1
10524	1
10525	1
10526	1
10527	1
10740	1
10741	1
10742	1
10743	1
10744	1
10745	1
10746	1
10747	1
11883	1
11884	1
11885	1
11886	1
11887	1
11888	1
11889	1
11890	1
11891	1
11892	1
12775	1
12776	1
12777	1
12778	1
12779	1
12780	1
12781	1
12782	1
12783	1
12784	1
12785	1
12786	1
12787	1
12788	1
12789	1
12790	1
12791	1
12792	1
12793	1
13147	1
13148	1
13149	1
13150	1
13151	1
13152	1
13153	1
13154	1
13155	1
13156	1
13157	1
13158	1
13159	1
13945	1
13946	1
13947	1
13948	1
13949	1
13950	1
13951	1
14547	1
14548	1
14549	1
14550	1
14551	1
14552	1
14553	1
14554	1
14555	1
14556	1
14557	1