0.31
0.31
0.31
0.31
0.31
0.31
0.31
0.31
0.31
0.31
0.31
0.31
0.31
0.31
0.31
0.31
0.31
0.31
0.31
0.31
0.31
0.31
0.31
0.31
0.31
0.31
0.31
0.31
0.31
0.31
0.31
0.31
0.31
0.31
0.31
0.31
0.31
0.31
0.31
0.31
0.31
0.31
0.31
0.31
0.31
0.31
0.31
0.31
0.31
0.31
0.31
0.31
0.31
0.31
0.31
0.31
0.31
0.31
0.31
0.31
0.31
0.31
0.31
0.31
0.31
0.31
0.31
0.31
0.31
0.31
0.31
0.31
0.31
0.31
0.31
0.31
0.31
0.31
0.31
0.31
0.31
0.31
0.31
0.31
0.31
0.31
0.31
0.31
0.31
0.204954306
0.193567429
0.203125
0.218567429
0.242200022
0.285052867
0.265381572
0.258038021
0.273958333
0.258333333
0.251680098
0.268423115
0.267274669
0.290351144
0.292402904
0.249756572
0.280976144
0.290351144
0.290625
0.28125
0.275
0.251923525
0.290351144
0.274667774
0.262308619
0.283333333
0.258038021
0.260385094
0.290351144
0.280976144
0.282705795
0.260385094
0.259714373
0.259841809
0.258089906
0.268423115
0.290823216
0.260256859
0.257794593
0.268423115
0.276010094
0.268123258
0.258089906
0.241408268
0.266371354
0.301314444
0.276314444
0.260009685
0.274424346
0.249513145
0.282869241
0.249756572
0.294867722
0.291939444
0.260009685
0.266371354
0.258038021
0.251676352
0.244127867
0.261761589
0.267301352
0.258038021
0.251676352
0.262061446
0.253599877
0.268423115
0.260009685
0.258089906
0.253599877
0.276591299
0.274667774
0.251680098
0.276591299
0.258333333
0.228359318
0.262061446
0.251676352
0.257794593
0.206870575
0.166297526
0.160532764
0.198762742
0.19375
0.199778516
0.249741602
0.234375
0.243455485
0.26841857
0.258038021
0.258333333
0.260385094
0.266666667
0.283333333
0.275
0.275
0.249756572
0.257794593
0.249756572
0.265625
0.270470331
0.258333333
0.300982217
0.301314444
0.266371354
0.26841857
0.307260159
0.31761197
0.266076042
0.260141666
0.258038021
0.249756572
0.267027496
0.260141666
0.285052867
0.290351144
0.258038021
0.258089906
0.301719534
0.276314444
0.274424346
0.274667774
0.268718427
0.265107716
0.274667774
0.284352465
0.258089906
0.249756572
0.276591299
0.266371354
0.301314444
0.251676352
0.258038021
0.258089906
0.243343018
0.273958333
0.241423239
0.265351144
0.268423115
0.251680098
0.282705795
0.249513145
0.256881122
0.244323411
0.251680098
0.290351144
0.249513145
0.265625
0.274424346
0.265381572
0.259616224
0.258069044
0.244457436
0.282622067
0.296296859
0.251810377
0.26717218
0.268571663
0.290807237
0.296296859
0.280976144
0.251432924
0.298114882
0.272475693
0.267548525
0.265381572
0.259917982
0.276681108
0.267274669
0.249756572
0.267274669
0.265351144
0.280976144
0.260385094
0.25
0.258333333
0.25
0.267027496
0.280976144
0.225
0.149667774
0.209347728
0.161273763
0.198802707
0.202477153
0.233074935
0.258038021
0.260009685
0.267301352
0.265625
0.242708333
0.260009685
0.266076042
0.266371354
0.284753011
0.258089906
0.290351144
0.262308619
0.290351144
0.284647777
0.258333333
0.296601144
0.301751904
0.283333333
0.283333333
0.260009685
0.283333333
0.266666667
0.273389165
0.242708333
0.258333333
0.275
0.257794593
0.249704688
0.290018918
0.258038021
0.266076042
0.266666667
0.25
0.258333333
0.25
0.294047619
0.266666667
0.303571429
0.277579337
0.258902368
0.272161709
0.275895164
0.275895164
0.269686828
0.279626553
0.281819281
0.244371294
0.251875066
0.261312627
0.26753948
0.249682337
0.261865394
0.279626553
0.279626553
0.260085237
0.260085237
0.304992691
0.27794238
0.285714286
0.241666667
0.258333333
0.257720359
0.243718427
0.268407894
0.265030269
0.261814791
0.27794238
0.246154122
0.228024697
0.246154122
0.241090606
0.241090606
0.168342656
0.22225519
0.204805332
0.233502928
0.244768658
0.189134223
0.184929436
0.210677425
0.177886634
0.198432995
0.17869066
0.14673927
0.188166863
0.19019204
0.227228495
0.188785368
0.207916864
0.224805774
0.221110766
0.229959679
0.214167538
0.231453017
0.276712973
0.29870767
0.266344832
0.271351326
0.260085237
0.291566384
0.252987584
0.223278843
0.244003028
0.257720359
0.244003028
0.242677017
0.225977481
0.233745641
0.233745641
0.279772065
0.261814791
0.243137822
0.223278843
0.22532606
0.245040257
0.248029188
0.234443364
0.245836459
0.245040257
0.212318648
0.241666667
0.241408268
0.241955812
0.275895164
0.245836459
0.259160767
0.25952381
0.259767575
0.241090606
0.292857143
0.275532121
0.259767575
0.267256894
0.241090606
0.267256894
0.231453017
0.251493506
0.267256894
0.279824505
0.271561894
0.243137822
0.252255126
0.26753948
0.257720359
0.267653406
0.259265411
0.241090606
0.2674941
0.257720359
0.279302213
0.241408268
0.27077413
0.267653406
0.241090606
0.241090606
0.254447854
0.249364675
0.251023653
0.26398439
0.221915323
0.20563165
0.221915323
0.249682337
0.262012743
0.280895907
0.292524917
0.304926717
0.309973636
0.328117625
0.310305862
0.328571429
0.328117625
0.312364611
0.344784292
0.344784292
0.344784292
0.344784292
0.344784292
0.344784292
0.328571429
0.344784292
0.345238095
0.344784292
0.328117625
0.345238095
0.345238095
0.361904762
0.310305862
0.326972529
0.345238095
0.345238095
0.345238095
0.345238095
0.344784292
0.326972529
0.344784292
0.344784292
0.334821429
0.361904762
0.361904762
0.361450958
0.361450958
0.379262721
0.361904762
0.361450958
0.361904762
0.345238095
0.344784292
0.361450958
0.326972529
0.326972529
0.361450958
0.345238095
0.363284137
0.345238095
0.350446429
0.349992625
0.344784292
0.361904762
0.361904762
0.366071429
0.361450958
0.361904762
0.361904762
0.345238095
0.345238095
0.336368608
0.367364593
0.345238095
0.366071429
0.345238095
0.259265411
0.19904674
0.210196939
0.185212863
0.205993365
0.205844533
0.234564549
0.259265411
0.258038021
0.287543971
0.275895164
0.287543971
0.295690956
0.293639196
0.328117625
0.294908903
0.292857143
0.310714286
0.295690956
0.311450958
0.328117625
0.321119954
0.310714286
0.310305862
0.344784292
0.344784292
0.310714286
0.345238095
0.310714286
0.316555862
0.344784292
0.326972529
0.316555862
0.334821429
0.361904762
0.350446429
0.326972529
0.328622854
0.344784292
0.350446429
0.344784292
0.344784292
0.328117625
0.344784292
0.34688842
0.326972529
0.334821429
0.344784292
0.334821429
0.334821429
0.334821429
0.344784292
0.334367625
0.344784292
0.334821429
0.328571429
0.364745563
0.326972529
0.326972529
0.334367625
0.334367625
0.345238095
0.328117625
0.345238095
0.316555862
0.326972529
0.326972529
0.345238095
0.334821429
0.345238095
0.361450958
0.318103042
0.334367625
0.316555862
0.361904762
0.345238095
0.350446429
0.334367625
0.344784292
0.334367625
0.316555862
0.345238095
0.350446429
0.350446429
0.350446429
0.344784292
0.328571429
0.328571429
0.345238095
0.345238095
0.334821429
0.336131337
0.361904762
0.344784292
0.345238095
0.361904762
0.334821429
0.328571429
0.344784292
0.361450958
0.344784292
0.334821429
0.345238095
0.334821429
0.350446429
0.326972529
0.345238095
0.345238095
0.361904762
0.334821429
0.345238095
0.310714286
0.310714286
0.345238095
0.347006301
0.328571429
0.328571429
0.328571429
0.310714286
0.345238095
0.345238095
0.334367625
0.346434617
0.376768206
0.345238095
0.336368608
0.310714286
0.327380952
0.328571429
0.345238095
0.348656626
0.327380952
0.327380952
0.328571429
0.363095238
0.334821429
0.345238095
0.327380952
0.328622854
0.345238095
0.316297526
0.310714286
0.328571429
0.30625
0.327380952
0.327380952
0.344784292
0.34688842
0.328117625
0.326603389
0.327380952
0.328658482
0.33628535
0.346061821
0.344868955
0.326972529
0.346061821
0.334614518
0.34828383
0.361498708
0.346061821
0.346061821
0.316297526
0.332595053
0.344415151
0.344415151
0.329832615
0.326603389
0.309973636
0.288478235
0.224222298
0.172947111
0.146010405
0.174774775
0.169611243
0.131905254
0.155399381
0.150497384
0.107021444
0.153940751
0.152970691
0.154260489
0.152051836
0.095887315
0.135108325
0.102542767
0.148918124
0.148606786
0.148918124
0.146678312
0.183818518
0.14096567
0.214245621
0.218673974
0.258038021
0.26061081
0.278093479
0.275532121
0.277579337
0.277579337
0.30171499
0.301382763
0.275532121
0.309973636
0.293752307
0.312028729
0.292524917
0.292524917
0.27794238
0.292524917
0.310305862
0.312429275
0.287637811
0.30893759
0.319631436
0.31633444
0.328239202
0.344868955
0.294322684
0.317984766
0.29217218
0.334983659
0.328239202
0.329885872
0.31633444
0.320031982
0.308668136
0.328571429
0.326972529
0.344784292
0.328571429
0.318922572
0.334517144
0.319196429
0.319196429
0.319196429
0.344868955
0.312028729
0.344868955
0.345238095
0.328658482
0.310305862
0.345238095
0.344868955
0.344784292
0.318316992
0.34688842
0.344868955
0.334517144
0.334517144
0.344868955
0.329885872
0.344868955
0.310801339
0.337371219
0.33406334
0.322788354
0.312364611
0.328250059
0.310382059
0.328239202
0.310382059
0.334517144
0.328239202
0.312028729
0.329885872
0.344415151
0.329031278
0.34688842
0.329885872
0.312028729
0.312028729
0.328239202
0.330286418
0.346515625
0.328239202
0.312028729
0.312028729
0.328239202
0.329885872
0.329885872
0.314227044
0.346515625
0.312028729
0.328571429
0.330623189
0.344868955
0.346515625
0.346515625
0.362726098
0.327011812
0.310714286
0.280721219
0.227440048
0.20563165
0.223979456
0.184258971
0.236636092
0.24687035
0.30072571
0.30072571
0.300900398
0.30072571
0.318283144
0.335065713
0.314152016
0.285351243
0.287179487
0.275895164
0.292524917
0.300900398
0.296340254
0.292524917
0.276190476
0.310714286
0.294047619
0.287179487
0.286884175
0.292857143
0.294908903
0.292857143
0.310714286
0.286884175
0.275895164
0.275895164
0.310714286
0.321020148
0.292857143
0.310714286
0.303846154
0.276190476
0.276190476
0.294507468
0.275827433
0.310714286
0.327011812
0.275895164
0.276190476
0.309973636
0.276190476
0.310382059
0.310714286
0.292857143
0.310714286
0.310714286
0.310714286
0.303846154
0.285714286
0.310714286
0.321428571
0.323076923
0.312364611
0.314152016
0.314152016
0.2879126
0.335559414
0.2879126
0.278242237
0.276190476
0.275895164
0.275895164
0.285714286
0.292857143
0.310714286
0.298901611
0.2879126
0.292857143
0.276190476
0.292857143
0.31456044
0.285714286
0.303571429
0.285351243
0.314152016
0.298532982
0.285351243
0.275895164
0.310714286
0.321428571
0.275895164
0.287179487
0.298901611
0.33794293
0.29870767
0.289231248
0.285714286
0.287179487
0.276190476
0.276190476
0.296703297
0.323196777
0.292857143
0.285351243
0.31456044
0.287549558
0.276190476
0.310714286
0.292857143
0.305339634
0.296703297
0.303392998
0.298901611
0.2849882
0.31456044
0.310714286
0.292524917
0.303163005
0.285714286
0.294572133
0.298901611
0.278242237
0.276190476
0.323076923
0.310714286
0.276190476
0.276190476
0.276190476
0.276190476
0.292857143
0.312364611
0.305339634
0.275827433
0.304976591
0.327380952
0.310714286
0.276190476
0.2849882
0.29454586
0.285351243
0.292161874
0.22225519
0.207606228
0.213192021
0.241089448
0.245729069
0.29824754
0.318108457
0.287180928
0.316344744
0.295887098
0.306756403
0.324568165
0.322804453
0.298448455
0.2879126
0.2879126
0.29824754
0.300808898
0.298448455
0.334636697
0.30765236
0.2879126
0.296703297
0.288778092
0.332872985
0.31762258
0.298901611
0.289231248
0.287179487
0.287549558
0.311620306
0.305900456
0.323881566
0.275827433
0.292857143
0.292857143
0.295690956
0.317253951
0.293343884
0.2849882
0.307952216
0.287549558
0.287549558
0.311620306
0.322804453
0.29420909
0.312028729
0.294908903
0.294171587
0.294507468
0.275827433
0.310305862
0.293343884
0.310305862
0.310305862
0.278242237
0.323218463
0.277579337
0.2879126
0.309973636
0.288778092
0.278242237
0.292857143
0.276190476
0.277879194
0.309973636
0.277579337
0.304563675
0.294507468
0.316328645
0.302886466
0.326603389
0.293639196
0.322804453
0.304976591
0.315875489
0.276190476
0.30536132
0.295690956
0.298079826
0.293343884
0.2953911
0.2924941
0.2879126
0.315424265
0.30536132
0.30536132
0.309973636
0.309973636
0.295690956
0.287179487
0.307952216
0.321020148
0.324595339
0.310305862
0.303208386
0.296099379
0.311956188
0.309973636
0.323881566
0.310305862
0.278242237
0.294908903
0.294908903
0.293343884
0.293343884
0.311620306
0.311956188
0.323881566
0.2953911
0.295690956
0.310305862
0.288778092
0.324282112
0.294572133
0.335049614
0.312364611
0.316344744
0.292857143
0.320611725
0.310714286
0.309973636
0.322788354
0.318103042
0.310305862
0.313202862
0.292161874
0.312364611
0.27794238
0.312020852
0.294572133
0.303513928
0.310382059
0.317421665
0.312020852
0.267613715
0.277579337
0.327785399
0.320611725
0.276190476
0.324981144
0.289742286
0.289747872
0.310305862
0.312429275
0.310714286
0.343244557
0.327380952
0.329881337
0.295815825
0.312357623
0.326972529
0.346061821
0.344784292
0.293639196
0.328571429
0.344784292
0.344784292
0.312429275
0.310714286
0.328571429
0.344784292
0.319196429
0.301339286
0.305881343
0.328571429
0.30171499
0.294908903
0.311620306
0.309973636
0.309973636
0.309973636
0.318103042
0.30029128
0.318204168
0.312429275
0.334367625
0.31021512
0.30106543
0.318381656
0.33974359
0.311904762
0.294047619
0.292857143
0.203024421
0.224805774
0.195649139
0.205915076
0.234443364
0.269801266
0.287179487
0.287179487
0.289546903
0.275532121
0.286431019
0.293343884
0.293343884
0.344954303
0.292524917
0.2953911
0.294047619
0.278242237
0.278242237
0.309973636
0.309973636
0.278242237
0.310714286
0.2953911
0.277579337
0.27794238
0.27794238
0.278242237
0.269780668
0.293808544
0.276190476
0.293343884
0.302886466
0.29420909
0.293639196
0.312357623
0.305421214
0.283038021
0.295799523
0.329297151
0.299667774
0.31633444
0.290351144
0.312028729
0.310382059
0.312766046
0.310305862
0.312357623
0.328571429
0.310382059
0.328239202
0.3129126
0.3129126
0.310714286
0.312580374
0.326295588
0.290351144
0.2831191
0.292857143
0.328571429
0.310714286
0.328571429
0.310714286
0.302886466
0.3129126
0.309973636
0.292161874
0.301339286
0.292857143
0.285029323
0.28466628
0.277579337
0.278242237
0.277879194
0.267250672
0.285062435
0.317795745
0.277579337
0.296401818
0.291938697
0.301382763
0.292161874
0.312020852
0.309973636
0.324595339
0.309973636
0.323881566
0.309973636
0.310382059
0.312020852
0.309973636
0.309973636
0.293343884
0.299335547
0.302576786
0.316964286
0.284765023
0.284765023
0.317253951
0.312020852
0.322234896
0.312766046
0.300657006
0.288931391
0.303262811
0.326180725
0.343456237
0.322234896
0.327380952
0.315891588
0.328658482
0.353561964
0.324282112
0.359685444
0.335065713
0.350684747
0.30746843
0.335065713
0.336964326
0.332872985
0.29420909
0.312020852
0.324791913
0.328658482
0.315891588
0.324282112
0.340511319
0.333382786
0.305043323
0.322567122
0.26689797
0.292885894
0.287180928
0.232050856
0.244810265
0.257733438
0.249364675
0.287180928
0.250356064
0.261231244
0.266119003
0.235402668
0.254447854
0.23619887
0.204805332
0.243833346
0.263007471
0.239310402
0.258901211
0.24687035
0.227696226
0.225026855
0.241919814
0.266344832
0.25796256
0.214167538
0.241090606
0.231985924
0.224460853
0.275532121
0.240325593
0.251023653
0.258901211
0.206649091
0.223278843
0.275532121
0.230688003
0.241090606
0.271747838
0.273711769
0.267501626
0.281098429
0.281098429
0.226848147
0.246022272
0.260698165
0.238703468
0.253391069
0.246154122
0.223805128
0.205993365
0.241090606
0.241090606
0.209347728
0.245836459
0.234913608
0.214167538
0.21727907
0.218283855
0.223551126
0.241408268
0.216848441
0.208674267
0.205993365
0.21727907
0.212936592
0.205993365
0.205993365
0.214167538
0.224460853
0.238788435
0.258901211
0.221110766
0.194993414
0.223979456
0.205993365
0.221915323
0.221110766
0.231453017
0.25796256
0.22225519
0.234329246
0.248094785
0.21960396
0.207674022
0.142778359
0.207674022
0.205993365
0.250627141
0.26149045
0.226848147
0.234761026
0.253391069
0.286884175
0.229959679
0.246022272
0.223979456
0.227696226
0.207674022
0.227696226
0.246022272
0.229959679
0.24687035
0.228036093
0.246022272
0.207674022
0.223979456
0.226848147
0.223979456
0.227696226
0.227477153
0.242617537
0.26398439
0.226848147
0.224805774
0.224805774
0.24687035
0.243833346
0.217521901
0.234151654
0.270368426
0.250627141
0.236485736
0.244106906
0.264711515
0.244106906
0.241408268
0.246078128
0.264380901
0.214823264
0.227696226
0.223278843
0.206649091
0.206649091
0.241408268
0.241408268
0.276190476
0.234863753
0.235385094
0.260385094
0.251923525
0.268718427
0.266666667
0.276190476
0.25
0.258089906
0.252019144
0.27794238
0.258333333
0.25205176
0.266666667
0.241666667
0.260256859
0.252409315
0.275895164
0.292857143
0.316297526
0.370668614
0.324156549
0.338206954
0.338206954
0.371432032
0.368979381
0.367636933
0.371951792
0.373049484
0.360493459
0.359474282
0.363970631
0.388618459
0.388618459
0.371951792
0.370104792
0.360493459
0.388175491
0.388175491
0.374470139
0.371951792
0.371951792
0.370163899
0.371404515
0.34326314
0.364814249
0.388175491
0.389551811
0.374165846
0.356066016
0.387763918
0.402928175
0.387763918
0.404304495
0.372656205
0.368486829
0.385076146
0.386387598
0.374165846
0.363517767
0.386443422
0.372694409
0.39006471
0.373192408
0.403226601
0.386492902
0.386938926
0.389140238
0.385116582
0.386492902
0.386492902
0.404318016
0.40047396
0.403226601
0.392804906
0.402941696
0.40047396
0.40185028
0.401565375
0.401565375
0.401565375
0.391724495
0.387763918
0.403591655
0.403772974
0.421584567
0.419571448
0.386892312
0.386892312
0.386492902
0.386387598
0.386387598
0.388268632
0.403226601
0.40185028
0.403591655
0.40185028
0.40185028
0.257064611
0.229972785
0.192083471
0.20854317
0.226329912
0.264097955
0.301634477
0.332992586
0.339668408
0.353505106
0.353505106
0.354758218
0.35629345
0.372923203
0.388175491
0.387763918
0.387763918
0.401913483
0.401913483
0.371545738
0.404874834
0.386443422
0.387763918
0.373965424
0.389551811
0.389551811
0.377043964
0.389140238
0.387763918
0.387763918
0.372923203
0.375675843
0.375753317
0.388175491
0.373965424
0.373965424
0.363317345
0.389143202
0.388175491
0.388175491
0.400537163
0.386864039
0.389551811
0.388231315
0.390433848
0.389551811
0.401913483
0.389551811
0.389551811
0.386985454
0.386985454
0.371545738
0.354758218
0.388175491
0.388268632
0.403498513
0.40029436
0.388175491
0.388175491
0.388175491
0.394843173
0.386387598
0.386387598
0.386387598
0.388175491
0.388175491
0.375753317
0.375739518
0.386387598
0.363317345
0.390052265
0.390052265
0.388175491
0.386387598
0.403498513
0.386387598
0.371545738
0.401565375
0.386387598
0.386387598
0.385076146
0.388175491
0.388175491
0.403498513
0.403498513
0.377236422
0.388175491
0.375739518
0.401565375
0.386387598
0.386387598
0.388175491
0.388175491
0.379248602
0.388175491
0.375753317
0.377236422
0.390052265
0.40029436
0.386387598
0.401565375
0.403498513
0.386387598
0.388175491
0.382534115
0.353379116
0.353129452
0.416864426
0.398378345
0.388175491
0.369757845
0.369757845
0.384935623
0.388231315
0.399225711
0.381748592
0.385559551
0.385116582
0.384935623
0.401565375
0.403498513
0.368555681
0.387763918
0.386387598
0.385076146
0.385076146
0.403498513
0.39107634
0.403498513
0.389551811
0.388175491
0.270209954
0.21135517
0.248235385
0.258828924
0.29533027
0.328835572
0.33970753
0.354815243
0.367640266
0.354815243
0.367605707
0.353447968
0.354650132
0.388175491
0.388175491
0.372764291
0.371279884
0.386387598
0.372656205
0.372923203
0.372923203
0.374299523
0.374299523
0.388175491
0.389551811
0.389551811
0.373192408
0.377043964
0.360158746
0.372923203
0.375753317
0.377043964
0.389551811
0.374299523
0.389551811
0.388175491
0.389551811
0.377043964
0.377043964
0.388175491
0.388175491
0.388175491
0.403498513
0.401565375
0.386387598
0.386387598
0.386387598
0.403498513
0.403498513
0.389551811
0.386387598
0.389551811
0.388175491
0.388175491
0.373965424
0.377043964
0.388175491
0.389551811
0.403833756
0.388175491
0.377043964
0.372923203
0.387763918
0.385076146
0.385076146
0.373965424
0.403498513
0.386387598
0.403498513
0.385116582
0.385076146
0.386387598
0.385076146
0.388175491
0.386892312
0.388175491
0.403498513
0.387763918
0.386387598
0.386387598
0.386387598
0.386387598
0.387763918
0.382534115
0.386443422
0.386387598
0.372882668
0.386864039
0.388175491
0.373387382
0.370343574
0.370343574
0.370343574
0.370343574
0.368555681
0.369060396
0.370343574
0.370343574
0.388175491
0.370343574
0.369757845
0.402187062
0.386864039
0.37171085
0.369060396
0.3842341
0.386387598
0.368555681
0.386387598
0.388175491
0.386864039
0.389551811
0.388175491
0.385076146
0.389551811
0.369922957
0.37171085
0.386864039
0.403498513
0.388175491
0.389551811
0.388175491
0.403833756
0.389551811
0.403498513
0.388175491
0.386387598
0.385076146
0.403498513
0.403498513
0.388175491
0.385609133
0.385609133
0.372882668
0.368555681
0.403498513
0.386892312
0.403498513
0.368555681
0.385580861
0.368486829
0.386387598
0.368555681
0.401085202
0.368555681
0.370343574
0.368555681
0.382534115
0.364469105
0.237333815
0.225231586
0.208713224
0.204263111
0.253750131
0.268394965
0.271316482
0.333507165
0.331345916
0.349041516
0.349041516
0.338146369
0.336499699
0.353447968
0.368555681
0.355091286
0.380546428
0.336749364
0.351858436
0.338020379
0.356296802
0.354650132
0.382534115
0.353447968
0.354650132
0.351927288
0.351858436
0.351858436
0.368089203
0.368555681
0.336749364
0.354650132
0.338020379
0.354650132
0.367284666
0.335406823
0.352232731
0.350586061
0.367215814
0.339667049
0.370343574
0.353447968
0.367777217
0.370008869
0.369757845
0.353447968
0.400253924
0.368555681
0.385076146
0.371279884
0.386387598
0.368486829
0.354650132
0.370343574
0.388175491
0.386864039
0.353447968
0.354650132
0.354650132
0.354915985
0.370343574
0.371611751
0.35629345
0.369757845
0.369757845
0.353447968
0.368555681
0.353447968
0.335298894
0.322912666
0.353379116
0.321391986
0.366104953
0.364469105
0.380546428
0.367655518
0.367655518
0.400537163
0.367655518
0.381748592
0.365671269
0.367655518
0.353128092
0.384285271
0.381748592
0.369757845
0.368555681
0.386387598
0.355091286
0.367284666
0.351858436
0.353129452
0.353447968
0.336927503
0.367777217
0.354815243
0.338020379
0.339667049
0.356026452
0.339667049
0.343553791
0.353447968
0.336927503
0.354650132
0.341189088
0.338020379
0.338570821
0.352539931
0.353128092
0.370262559
0.37138797
0.368486829
0.371640024
0.367284666
0.354650132
0.34965849
0.386892312
0.353632807
0.354758218
0.367215814
0.37138797
0.355091286
0.353808108
0.369757845
0.369757845
0.369757845
0.368555681
0.386387598
0.373965424
0.371279884
0.371134165
0.356026452
0.343553791
0.343553791
0.377043964
0.386311559
0.371279884
0.354815243
0.386387598
0.353447968
0.373965424
0.34326314
0.398821313
0.343553791
0.354650132
0.353447968
0.353447968
0.370343574
0.369757845
0.354650132
0.354650132
0.339542418
0.354650132
0.370343574
0.339663697
0.388175491
0.383845567
0.354758218
0.370262559
0.354758218
0.371545738
0.353129452
0.369757845
0.386387598
0.354650132
0.354650132
0.354650132
0.371279884
0.354650132
0.371279884
0.371279884
0.371279884
0.354650132
0.371279884
0.369757845
0.355091286
0.369757845
0.371279884
0.354650132
0.354650132
0.371279884
0.369757845
0.386387598
0.386387598
0.371279884
0.354650132
0.371279884
0.369757845
0.369878848
0.363317345
0.366077323
0.369757845
0.365671269
0.354650132
0.373965424
0.363317345
0.386387598
0.338020379
0.354284277
0.359109765
0.354650132
0.344553786
0.388175491
0.353447968
0.354650132
0.354650132
0.353447968
0.386387598
0.377236422
0.361492842
0.353447968
0.353447968
0.354650132
0.353447968
0.372923203
0.353447968
0.358370853
0.371279884
0.344553786
0.358370853
0.354650132
0.386387598
0.371279884
0.371279884
0.371279884
0.371279884
0.371279884
0.354650132
0.369757845
0.354650132
0.354650132
0.354650132
0.354650132
0.354650132
0.369757845
0.354650132
0.354650132
0.354650132
0.354650132
0.354650132
0.338020379
0.369757845
0.362625327
0.338020379
0.339667049
0.349041516
0.354650132
0.34326314
0.354650132
0.354650132
0.338020379
0.338020379
0.338020379
0.369757845
0.354650132
0.354650132
0.371279884
0.38390741
0.389551811
0.381748592
0.367317939
0.365671269
0.350688186
0.338020379
0.340233872
0.358370853
0.369757845
0.365671269
0.365671269
0.365671269
0.359109765
0.349041516
0.359109765
0.34326314
0.35991502
0.363317345
0.369757845
0.349013419
0.369922957
0.356026452
0.375256071
0.359661499
0.344320448
0.339667049
0.381748592
0.344553786
0.367047589
0.371404515
0.34326314
0.344807306
0.35991502
0.383395262
0.344807306
0.365671269
0.399754665
0.367047589
0.365671269
0.355828444
0.34326314
0.378818812
0.365671269
0.356296802
0.354650132
0.354650132
0.358370853
0.375256071
0.383124912
0.369757845
0.356296802
0.367317939
0.369757845
0.369757845
0.368486829
0.398378345
0.268033678
0.218946256
0.212936592
0.205844533
0.222835073
0.265996761
0.300385721
0.283358055
0.304068785
0.320191337
0.338380519
0.336420543
0.334773873
0.366169446
0.336420543
0.365671269
0.334610863
0.334732764
0.33799522
0.339667049
0.329212735
0.338563351
0.314105022
0.332964193
0.356296802
0.35794012
0.35629345
0.338020379
0.354774762
0.341310367
0.338563351
0.338563351
0.360861615
0.350688186
0.356026452
0.362625327
0.354774762
0.367317939
0.354650132
0.356296802
0.372923203
0.35629345
0.372923203
0.35766977
0.344553786
0.339663697
0.356656941
0.338380519
0.355164272
0.348131929
0.343080574
0.371758838
0.357404882
0.371847567
0.377216151
0.388425505
0.4
0.382890365
0.382890365
0.35
0.367636933
0.351240616
0.368877548
0.368073672
0.346844121
0.316628381
0.343003196
0.313150723
0.334639256
0.346009682
0.318803689
0.335015707
0.316362833
0.325966229
0.318410049
0.334514345
0.336431365
0.320202158
0.316791772
0.323419149
0.314340124
0.343083921
0.345253042
0.324954382
0.357726739
0.350142866
0.37332918
0.402213542
0.403715132
0.354318682
0.352568248
0.403833756
0.420294855
0.407204935
0.388581468
0.405794129
0.377403983
0.411001821
0.424708638
0.409523919
0.363633908
0.362496248
0.377381062
0.367816146
0.425469373
0.424844948
0.423993007
0.423993007
0.429277423
0.423663108
0.407363255
0.42479723
0.409287125
0.437836079
0.443072832
0.408580351
0.393839213
0.444117946
0.389907216
0.426014326
0.392596358
0.393160031
0.409921415
0.377244716
0.390211738
0.40840837
0.391428834
0.408146984
0.435943755
0.353505953
0.391854203
0.36551486
0.418138768
0.42239499
0.385112382
0.38462507
0.417168234
0.420763295
0.420763295
0.402644231
0.402715296
0.408146984
0.407842462
0.427321109
0.407470558
0.407842462
0.417904089
0.386035212
0.404803582
0.401964497
0.397701266
0.417158856
0.405138295
0.39805023
0.399668645
0.375484073
0.388883397
0.404803582
0.353407296
0.409193125
0.391381362
0.362418912
0.361847312
0.351421624
0.323889912
0.315281402
0.314749251
0.331108654
0.314749251
0.32669021
0.296726597
0.329986102
0.315284049
0.339177279
0.333025847
0.31559436
0.34437122
0.327486002
0.31404718
0.318014706
0.313739882
0.322916667
0.313739882
0.303308824
0.31559436
0.291335237
0.3125
0.29842218
0.307564444
0.30625
0.291666667
0.288983736
0.288983736
0.282845244
0.273663021
0.283482143
0.307291667
0.293752307
0.304807911
0.334517144
0.303263744
0.295815825
0.327380952
0.330874103
0.329326923
0.329579267
0.303060771
0.362782802
0.358974359
0.313701923
0.322420107
0.364583333
0.356410256
0.313701923
0.354166667
0.375074581
0.411538462
0.383413462
0.384331637
0.378871806
0.396406864
0.382790372
0.379241247
0.40025007
0.418461399
0.399915357
0.42837507
0.438354703
0.43150007
0.436271298
0.432149114
0.417565709
0.417130314
0.431706145
0.399054387
0.404803582
0.406347749
0.418811254
0.417224355
0.417224355
0.429646528
0.417224355
0.413776708
0.415859479
0.42331239
0.451993051
0.414040372
0.453355714
0.427582039
0.417224355
0.435485818
0.414040372
0.418811254
0.418811254
0.420398153
0.420398153
0.392596358
0.418811254
0.418811254
0.406061868
0.437558749
0.402715296
0.418340296
0.389907216
0.409057457
0.402350155
0.419814443
0.418888617
0.435696472
0.402350155
0.417944727
0.419495676
0.435090248
0.291619007
0.189090077
0.156927245
0.229052815
0.184600872
0.150578264
0.208815384
0.191968703
0.216848441
0.217861769
0.291298807
0.30621357
0.31797356
0.366086914
0.36551486
0.353335652
0.334623358
0.337895049
0.339442229
0.380828844
0.353520049
0.367413472
0.336131337
0.337895049
0.336131337
0.336131337
0.337895049
0.351788472
0.33406334
0.367788462
0.337590764
0.355417246
0.337895049
0.36551486
0.337590764
0.33406334
0.353638815
0.337895049
0.351756337
0.36551486
0.351788472
0.370346599
0.355112961
0.36551486
0.363616247
0.351756337
0.367991135
0.36551486
0.366086914
0.351756337
0.352214634
0.363672968
0.352214634
0.352214634
0.350446429
0.352214634
0.386160714
0.368303571
0.399269373
0.38806821
0.371803599
0.387090296
0.415215296
0.402715296
0.365706287
0.356523945
0.339857279
0.316964286
0.276190476
0.251023653
0.245836459
0.206544628
0.241408268
0.227351304
0.290838678
0.253333812
0.275895164
0.313796935
0.316660001
0.324262707
0.340191992
0.340191992
0.355816992
0.350446429
0.340191992
0.35545185
0.35545185
0.355816992
0.338541667
0.354166667
0.366071429
0.338541667
0.367839634
0.350446429
0.352214634
0.367839634
0.350446429
0.366071429
0.350446429
0.336589634
0.367804387
0.336589634
0.368303571
0.366071429
0.366071429
0.367839634
0.354446777
0.3695681
0.352214634
0.352214634
0.367839634
0.367839634
0.352214634
0.367839634
0.340191992
0.352214634
0.366071429
0.355816992
0.372483659
0.366071429
0.383928571
0.350446429
0.340191992
0.372212709
0.386144722
0.360878775
0.358033143
0.342832733
0.370468192
0.36148556
0.347738407
0.38980488
0.388425505
0.36495923
0.375928023
0.340417161
0.322612382
0.344962467
0.318014706
0.312195715
0.344675505
0.333631062
0.325700716
0.349090444
0.330909049
0.371758838
0.325700716
0.357708433
0.340823216
0.371758838
0.370468192
0.359009858
0.35487362
0.360714395
0.349256062
0.342832733
0.321680891
0.357708433
0.361591151
0.359009858
0.349588246
0.347513331
0.373419662
0.27705176
0.241666667
0.206870575
0.207142857
0.216186784
0.206870575
0.218455485
0.224682337
0.25952381
0.290625
0.285714286
0.305945715
0.339279049
0.339279049
0.315284049
0.339279049
0.355092171
0.344959454
0.330909049
0.330909049
0.371758838
0.313739882
0.373049484
0.356382818
0.328152227
0.356382818
0.335178242
0.353801525
0.356382818
0.358675145
0.344483058
0.355092171
0.361591151
0.350803242
0.361593669
0.37264343
0.378141656
0.344483058
0.332416066
0.373049484
0.344932038
0.359499399
0.361684661
0.349588246
0.376166066
0.343384858
0.349588246
0.342832733
0.34933423
0.37264343
0.391095526
0.359093345
0.332416066
0.353801525
0.342832733
0.359499399
0.387134858
0.373049484
0.376166066
0.356382818
0.342832733
0.391095526
0.391095526
0.391095526
0.373049484
0.347513331
0.356382818
0.391095526
0.374699809
0.389716151
0.388879376
0.38669189
0.389716151
0.389273182
0.389716151
0.386052102
0.388425505
0.371352784
0.373409163
0.371708807
0.387134858
0.387134858
0.3875
0.389716151
0.370468192
0.386052102
0.38669189
0.375261871
0.355945715
0.386052102
0.38669189
0.369385435
0.370468192
0.386052102
0.340658424
0.357927102
0.371352784
0.371758838
0.389716151
0.391095526
0.376128445
0.35487362
0.339279049
0.359040287
0.387134858
0.389716151
0.371540287
0.35487362
0.371847567
0.387134858
0.386052102
0.387134858
0.387134858
0.389716151
0.38733528
0.401556444
0.386052102
0.386985454
0.386052102
0.387134858
0.386052102
0.334517144
0.221584059
0.172207576
0.209761026
0.218781163
0.241349004
0.310714286
0.305945715
0.33406334
0.340191992
0.339279049
0.343746758
0.342202591
0.340658424
0.339279049
0.339279049
0.339279049
0.361847685
0.342367382
0.370468192
0.339279049
0.339279049
0.339279049
0.357325091
0.35487362
0.37442886
0.367968858
0.342202591
0.342202591
0.339279049
0.339279049
0.339279049
0.339279049
0.356417787
0.344017708
0.339279049
0.372118517
0.35487362
0.359358759
0.359358759
0.372118517
0.370468192
0.374699809
0.384854076
0.373409163
0.373409163
0.386144722
0.38356343
0.386144722
0.370468192
0.370468192
0.370468192
0.384854076
0.401420573
0.370468192
0.40272943
0.40272943
0.35487362
0.371540287
0.370468192
0.40272943
0.40272943
0.370468192
0.387134858
0.387134858
0.387134858
0.387134858
0.387134858
0.418324002
0.387134858
0.387134858
0.371540287
0.370468192
0.387134858
0.370468192
0.387134858
0.417881033
0.387134858
0.373049484
0.370468192
0.370468192
0.371758838
0.389716151
0.370468192
0.387134858
0.370468192
0.370468192
0.370468192
0.387134858
0.387134858
0.388425505
0.418324002
0.405128348
0.405128348
0.405128348
0.405128348
0.387134858
0.389716151
0.373049484
0.3743751
0.370803671
0.3743751
0.357708433
0.3743751
0.373049484
0.386144722
0.403689048
0.381124056
0.388660814
0.405849946
0.356417787
0.390138717
0.374699809
0.373049484
0.406507724
0.357708433
0.419414063
0.374699809
0.405479767
0.388660814
0.374699809
0.389716151
0.388514234
0.391095526
0.37023143
0.389643361
0.436304162
0.387370168
0.371775597
0.404001865
0.389273182
0.390086329
0.389716151
0.419432274
0.388879376
0.387057032
0.403686784
0.387057032
0.418324002
0.418324002
0.371097318
0.355945715
0.418194959
0.432609716
0.432065152
0.385331635
0.401420573
0.418324002
0.449876914
0.419642857
0.435416667
0.38669189
0.402898475
0.433539298
0.38669189
0.403263617
0.387134858
0.387134858
0.3875
0.400876008
0.38669189
0.387057032
0.387057032
0.387134858
0.387134858
0.387057032
0.387057032
0.387057032
0.387057032
0.3875
0.373138214
0.387057032
0.387057032
0.38669189
0.402682032
0.402715296
0.387134858
0.387057032
0.418307032
0.401420573
0.417881033
0.433601585
0.374269717
0.387057032
0.388350196
0.388350196
0.418324002
0.388350196
0.3875
0.388350196
0.387982536
0.346554209
0.390086329
0.389643361
0.388350196
0.370468192
0.389643361
0.353918454
0.389864288
0.374272376
0.389273182
0.38669189
0.389716151
0.402286462
0.387134858
0.403394734
0.392263207
0.391019681
0.420793787
0.391095526
0.390086329
0.39017254
0.391019681
0.373049484
0.365252483
0.37264343
0.367968858
0.370468192
0.375712702
0.37442886
0.372118517
0.388433352
0.370468192
0.370427279
0.359375
0.370468192
0.356523945
0.35487362
0.361593669
0.370468192
0.354467566
0.370468192
0.370468192
0.40272943
0.387134858
0.370468192
0.40272943
0.35487362
0.359009858
0.387134858
0.370468192
0.387134858
0.35487362
0.370468192
0.370427279
0.375897595
0.388514234
0.374634858
0.40272943
0.343080574
0.360300505
0.370833333
0.342202591
0.355444196
0.33406334
0.334367625
0.310305862
0.301339286
0.365617625
0.305917774
0.355444196
0.353797526
0.354802279
0.324094706
0.370427279
0.370427279
0.370427279
0.387057032
0.370427279
0.370427279
0.370468192
0.370062137
0.38669189
0.387057032
0.387057032
0.388433352
0.38669189
0.403457301
0.40124115
0.390086329
0.390086329
0.378511834
0.389273182
0.388350196
0.391019681
0.390086329
0.420365626
0.375069988
0.362215344
0.377586329
0.388793165
0.389643361
0.390649503
0.403827479
0.390086329
0.391019681
0.403457301
0.403457301
0.403827479
0.390649503
0.389643361
0.377244716
0.389643361
0.405479767
0.387057032
0.387982536
0.387134858
0.38669189
0.370833333
0.387134858
0.387057032
0.387057032
0.400936407
0.418307032
0.38669189
0.371432032
0.387057032
0.387057032
0.38669189
0.403686784
0.387982536
0.371432032
0.387057032
0.387057032
0.387057032
0.403686784
0.387057032
0.370427279
0.371432032
0.370427279
0.353797526
0.370427279
0.370062137
0.354802279
0.371432032
0.38669189
0.387057032
0.38669189
0.38669189
0.370468192
0.387057032
0.3875
0.403686784
0.355807032
0.370062137
0.38669189
0.387057032
0.387057032
0.390086329
0.387982536
0.3742901
0.405479767
0.358901391
0.391465705
0.387134858
0.391465705
0.387057032
0.390086329
0.390086329
0.390086329
0.3875
0.39017254
0.388514234
0.402534315
0.389273182
0.387982536
0.372979211
0.389643361
0.389726517
0.388350196
0.389273182
0.391019681
0.38669189
0.388514234
0.389643361
0.387057032
0.370833333
0.374634858
0.388637476
0.388283106
0.383928571
0.405479767
0.360413425
0.391465705
0.389643361
0.404001865
0.404372043
0.389716151
0.3875
0.387057032
0.3875
0.38669189
0.370468192
0.387134858
0.403686784
0.387134858
0.387134858
0.370468192
0.370468192
0.353801525
0.38669189
0.387134858
0.368979381
0.387134858
0.38669189
0.353801525
0.387134858
0.387134858
0.38669189
0.38669189
0.382484311
0.387134858
0.365854558
0.387134858
0.382484311
0.370062137
0.387134858
0.38669189
0.370468192
0.371758838
0.370468192
0.385609133
0.385609133
0.415743816
0.385609133
0.38669189
0.38669189
0.38669189
0.38669189
0.303208386
0.241090606
0.269732209
0.275827433
0.292161874
0.344784292
0.322243242
0.378117625
0.36654313
0.365252483
0.365706287
0.383429387
0.353432385
0.366996933
0.365706287
0.383064246
0.352374287
0.38669189
0.387134858
0.384248879
0.367016195
0.365452905
0.369513025
0.404001865
0.404001865
0.384854076
0.402166655
0.385829039
0.387370168
0.351875103
0.385826001
0.432609716
0.400876008
0.451351061
0.413842746
0.421473898
0.405128348
0.421919921
0.420343645
0.387912928
0.39823906
0.371720443
0.403263617
0.403457301
0.421919921
0.452093458
0.385826001
0.404953428
0.374017806
0.371720443
0.430472498
0.353918454
0.352374287
0.358591081
0.384354892
0.352374287
0.371352784
0.387134858
0.369385435
0.355502747
0.386052102
0.370468192
0.369385435
0.369385435
0.386052102
0.386052102
0.371540287
0.338376752
0.339279049
0.386052102
0.38669189
0.387134858
0.399557032
0.370468192
0.369385435
0.387134858
0.369385435
0.40272943
0.369385435
0.394674152
0.386052102
0.387134858
0.369385435
0.386052102
0.386052102
0.369385435
0.355502747
0.373419662
0.370468192
0.355092171
0.421315132
0.43672733
0.419396097
0.370468192
0.369385435
0.370468192
0.370468192
0.381578913
0.382890365
0.382890365
0.370468192
0.384266685
0.371758838
0.389716151
0.385643006
0.373049484
0.371951792
0.373049484
0.373602118
0.389716151
0.373049484
0.373049484
0.371951792
0.373602118
0.371951792
0.372318939
0.38596379
0.384266685
0.373602118
0.374699809
0.371951792
0.373049484
0.384313464
0.371951792
0.382890365
0.370668614
0.371758838
0.382890365
0.370468192
0.370468192
0.382890365
0.382890365
0.384266685
0.384266685
0.370468192
0.384266685
0.385643006
0.388425505
0.382890365
0.387134858
0.384266685
0.373049484
0.384266685
0.382890365
0.382890365
0.385643006
0.387134858
0.382890365
0.385643006
0.373049484
0.382890365
0.400933352
0.384266685
0.370468192
0.370468192
0.402309672
0.399557032
0.387134858
0.387134858
0.370468192
0.370468192
0.370468192
0.386052102
0.387134858
0.387134858
0.370468192
0.369385435
0.387134858
0.369385435
0.384266685
0.285351243
0.26753948
0.283333333
0.328658482
0.319594522
0.339279049
0.399557032
0.399114063
0.382890365
0.382890365
0.382890365
0.382890365
0.384266685
0.382890365
0.382890365
0.370468192
0.369385435
0.373138214
0.388425505
0.389716151
0.371758838
0.371951792
0.373049484
0.369385435
0.371951792
0.389716151
0.370468192
0.371951792
0.371758838
0.369385435
0.369385435
0.373049484
0.370468192
0.370468192
0.370468192
0.370668614
0.370668614
0.369385435
0.370468192
0.370468192
0.373049484
0.373049484
0.371951792
0.369385435
0.370468192
0.373049484
0.373049484
0.370468192
0.373049484
0.370468192
0.373049484
0.373049484
0.371758838
0.371951792
0.371951792
0.386052102
0.369385435
0.369385435
0.371758838
0.371951792
0.371951792
0.369385435
0.369385435
0.369385435
0.370468192
0.370468192
0.370468192
0.370468192
0.370468192
0.370468192
0.369385435
0.370468192
0.369385435
0.369385435
0.369385435
0.369385435
0.370468192
0.369385435
0.370468192
0.369385435
0.369385435
0.369385435
0.370468192
0.369385435
0.370468192
0.370468192
0.370468192
0.381578913
0.369385435
0.371951792
0.369385435
0.373049484
0.373049484
0.371951792
0.386052102
0.388618459
0.371951792
0.370468192
0.388425505
0.370468192
0.370468192
0.370468192
0.371951792
0.373049484
0.371951792
0.371951792
0.373331168
0.37442886
0.371951792
0.388618459
0.371951792
0.371951792
0.373049484
0.371951792
0.388425505
0.355285126
0.420608149
0.370668614
0.388618459
0.373049484
0.373049484
0.405285126
0.371951792
0.371951792
0.388618459
0.389716151
0.371951792
0.389716151
0.403941482
0.41932497
0.373049484
0.389997835
0.373138214
0.389716151
0.373049484
0.371951792
0.373049484
0.371951792
0.373049484
0.373331168
0.391095526
0.404001865
0.373049484
0.371951792
0.371951792
0.388618459
0.369385435
0.370468192
0.387134858
0.371758838
0.371951792
0.371758838
0.373049484
0.373049484
0.371951792
0.373049484
0.371951792
0.376470631
0.38733528
0.387274815
0.359803964
0.373049484
0.360714395
0.361929391
0.378596057
0.360714395
0.370468192
0.389716151
0.377381062
0.406570388
0.388425505
0.370468192
0.387134858
0.386052102
0.370468192
0.375925505
0.387134858
0.419432274
0.366096057
0.37483528
0.360300505
0.375925505
0.389716151
0.388175491
0.391075787
0.376470631
0.355285126
0.356382818
0.361847685
0.361591151
0.37980248
0.370468192
0.389716151
0.388691302
0.386052102
0.401556444
0.418989305
0.402839622
0.392734646
0.375760785
0.388425505
0.393736227
0.39107634
0.407066482
0.390158303
0.41932497
0.420608149
0.434829312
0.41932497
0.419506289
0.403394734
0.393104879
0.375560363
0.375560363
0.387982536
0.375925505
0.377216151
0.377216151
0.408040546
0.377216151
0.378509315
0.378511834
0.361593669
0.361847685
0.375925505
0.377218669
0.377216151
0.389716151
0.276190476
0.188166863
0.189058812
0.174906213
0.185679299
0.224682337
0.275827433
0.290351144
0.340929374
0.372118517
0.373049484
0.373049484
0.375925505
0.372118517
0.370468192
0.359009858
0.361593669
0.370468192
0.384266685
0.370468192
0.370468192
0.360714395
0.360714395
0.388425505
0.359499399
0.374634858
0.376938093
0.40612742
0.40272943
0.385609133
0.418162645
0.401556444
0.388425505
0.37442886
0.371758838
0.360300505
0.362884315
0.375925505
0.34358528
0.388425505
0.370468192
0.370468192
0.370468192
0.371758838
0.360300505
0.360300505
0.370468192
0.402718769
0.360300505
0.369385435
0.360300505
0.370668614
0.360493459
0.385991637
0.369385435
0.360300505
0.387134858
0.370668614
0.384889777
0.401556444
0.371540287
0.386052102
0.37054776
0.37054776
0.401556444
0.38669189
0.401556444
0.401556444
0.401556444
0.370468192
0.369385435
0.359499399
0.360714395
0.266371354
0.188837328
0.206649091
0.209153516
0.241349004
0.284647777
0.322612382
0.353801525
0.353801525
0.353801525
0.325700716
0.342832733
0.342832733
0.377381062
0.314925378
0.376938093
0.377381062
0.378153089
0.361523336
0.358728234
0.345262724
0.376938093
0.376938093
0.377381062
0.376166066
0.376166066
0.38669189
0.387134858
0.387134858
0.38669189
0.387982536
0.387982536
0.378596057
0.376938093
0.377381062
0.376166066
0.38669189
0.38669189
0.375723097
0.388425505
0.387134858
0.387134858
0.387134858
0.387134858
0.387134858
0.388425505
0.369385435
0.401556444
0.35921028
0.388425505
0.38733528
0.37483528
0.386052102
0.38733528
0.385991637
0.38733528
0.388618459
0.386052102
0.38733528
0.388425505
0.38733528
0.35921028
0.370468192
0.402765607
0.403837702
0.377679391
0.377218669
0.377003348
0.363138331
0.409695388
0.362884315
0.377216151
0.37483528
0.364431495
0.366776912
0.40933371
0.353311402
0.353311402
0.378704788
0.389716151
0.393921513
0.378550528
0.419432274
0.405128348
0.390158303
0.378704788
0.388618459
0.419432274
0.403941482
0.371758838
0.37483528
0.388618459
0.376118459
0.38733528
0.360300505
0.405128348
0.419432274
0.388425505
0.376118459
0.388618459
0.38733528
0.391307274
0.391441482
0.388618459
0.376118459
0.388618459
0.37980248
0.36236472
0.36236472
0.382200073
0.391075787
0.378575787
0.391095526
0.362884315
0.378550528
0.3951137
0.378596057
0.363970631
0.376470631
0.392061567
0.361742027
0.363970631
0.36776572
0.363970631
0.365263796
0.365263796
0.365263796
0.36655696
0.375261871
0.363970631
0.378575787
0.360714395
0.360714395
0.376470631
0.376470631
0.375261871
0.363970631
0.374179905
0.359499399
0.359499399
0.374179905
0.374179905
0.3753949
0.363936567
0.406570388
0.360714395
0.38669189
0.359499399
0.390846571
0.392061567
0.38886041
0.353432385
0.351650325
0.322916667
0.316666667
0.283333333
0.258333333
0.283333333
0.27705176
0.276923525
0.275
0.290625
0.278975286
0.258333333
0.258333333
0.258333333
0.258333333
0.266666667
0.276923525
0.273958333
0.290625
0.275
0.275
0.275
0.273958333
0.283208287
0.275881859
0.285128066
0.262308619
0.258333333
0.283208287
0.305613489
0.290625
0.316555862
0.280702288
0.2
0.183111849
0.182927279
0.206649091
0.202255669
0.199778516
0.225783268
0.244948609
0.228318857
0.225783268
0.243331794
0.242413021
0.241408268
0.258038021
0.266371354
0.2518691
0.249682337
0.244948609
0.242413021
0.258038021
0.273958333
0.259961546
0.241408268
0.228318857
0.243331794
0.290292774
0.266666667
0.266371354
0.258333333
0.242495334
0.258038021
0.257794593
0.225783268
0.225783268
0.228318857
0.241666667
0.225783268
0.228318857
0.225783268
0.258333333
0.266371354
0.225783268
0.258038021
0.225783268
0.258333333
0.275736238
0.258333333
0.285062435
0.307489882
0.357110156
0.374699809
0.330138388
0.371758838
0.389716151
0.389716151
0.377216151
0.378760437
0.38980488
0.371758838
0.33336056
0.406507724
0.366174226
0.360714395
0.36495923
0.348041066
0.364881062
0.36495923
0.377850007
0.365263796
0.365263796
0.349588246
0.393921513
0.351041902
0.350803242
0.367389222
0.365263796
0.360714395
0.350803242
0.350803242
0.36236472
0.365263796
0.365229732
0.351764222
0.381285733
0.374699809
0.377411624
0.376118459
0.377411624
0.364881062
0.3794887
0.361591151
0.380604879
0.365179391
0.365806566
0.377411624
0.378509315
0.378509315
0.377216151
0.378509315
0.376118459
0.376118459
0.363970631
0.363970631
0.366174226
0.378509315
0.389716151
0.37483528
0.36451592
0.366174226
0.363970631
0.364881062
0.36655696
0.3653482
0.365882217
0.363300924
0.366472555
0.373049484
0.359499399
0.374179905
0.365263796
0.364881062
0.36495923
0.376470631
0.378949257
0.389997835
0.376470631
0.375723097
0.36655696
0.377850007
0.388618459
0.36495923
0.377381062
0.365263796
0.36655696
0.366472555
0.388618459
0.366472555
0.377679391
0.388618459
0.366472555
0.403941482
0.378760437
0.377679391
0.375261871
0.375261871
0.376470631
0.34627255
0.360714395
0.360714395
0.377381062
0.377381062
0.387134858
0.363666066
0.339279049
0.359499399
0.3753949
0.360714395
0.359499399
0.376470631
0.376470631
0.378760437
0.359499399
0.375261871
0.364881062
0.376166066
0.376166066
0.376470631
0.362761871
0.3653482
0.377850007
0.377545441
0.376470631
0.375261871
0.36655696
0.388618459
0.350549226
0.378596057
0.378550528
0.376166066
0.364591571
0.376470631
0.377411624
0.366174226
0.367389222
0.349638796
0.388618459
0.389716151
0.376470631
0.378704788
0.363970631
0.363970631
0.378704788
0.365730916
0.367097212
0.377411624
0.362547084
0.367467391
0.376470631
0.389716151
0.377043964
0.367097212
0.36451592
0.373049484
0.376938093
0.367467391
0.376118459
0.377679391
0.375753317
0.36451592
0.365263796
0.377679391
0.36655696
0.364591571
0.364055036
0.375723097
0.376470631
0.363970631
0.379561567
0.364978022
0.349555085
0.363970631
0.3653482
0.390846571
0.405128348
0.376470631
0.375261871
0.377099418
0.389997835
0.376470631
0.377545441
0.389997835
0.249704688
0.224778516
0.225783268
0.225783268
0.259714373
0.290018918
0.307489882
0.324156549
0.332964193
0.325700716
0.370468192
0.387134858
0.372483659
0.359803922
0.370468192
0.377381062
0.369385435
0.369385435
0.357708433
0.331592045
0.357708433
0.376470588
0.3875
0.389716151
0.386052102
0.370468192
0.3875
0.360714395
0.376166066
0.359965792
0.361929391
0.388618459
0.387134858
0.376470631
0.377381062
0.378596057
0.359499399
0.349638796
0.358595205
0.361012724
0.376118459
0.388618459
0.377381062
0.3743751
0.389716151
0.389716151
0.378509315
0.357708433
0.389716151
0.388618459
0.388618459
0.388618459
0.378509315
0.378509315
0.378509315
0.389997835
0.389997835
0.389716151
0.405479767
0.378509315
0.389716151
0.389716151
0.389716151
0.389997835
0.389997835
0.389997835
0.391095526
0.391095526
0.376118459
0.391095526
0.37980248
0.362884315
0.389716151
0.378509315
0.392628348
0.378879494
0.391095526
0.377411624
0.36655696
0.366174226
0.363970631
0.367467391
0.359093345
0.376641247
0.386052102
0.358595205
0.389273182
0.379432302
0.364881062
0.369385435
0.389273182
0.373049484
0.332416066
0.371758838
0.353432385
0.375723097
0.38669189
0.371758838
0.370468192
0.359499399
0.371847567
0.344932038
0.38806821
0.371847567
0.388514234
0.38980488
0.358033143
0.35545185
0.356742497
0.388425505
0.353801525
0.371758838
0.371758838
0.353801525
0.353801525
0.370468192
0.339583333
0.370468192
0.372118517
0.370468192
0.385041332
0.38356343
0.363284137
0.415215296
0.381707133
0.351875103
0.362226914
0.383860631
0.378856666
0.395486419
0.365617625
0.363284137
0.395929387
0.362691574
0.345238095
0.344415151
0.395929387
0.322243242
0.351421624
0.33406334
0.33406334
0.336589634
0.352179387
0.334367625
0.335827052
0.334821429
0.346178863
0.362226914
0.336589634
0.363095238
0.364745563
0.349593946
0.365617625
0.363873584
0.35341927
0.368303571
0.396909519
0.384354892
0.398738244
0.367951294
0.384547846
0.380764498
0.348357684
0.333161043
0.344958123
0.344958123
0.364067894
0.364067894
0.364067894
0.362691574
0.344958123
0.362769886
0.364067894
0.361504934
0.36161952
0.36586241
0.392171019
0.362154473
0.346650131
0.327096729
0.340511319
0.346061821
0.346061821
0.325939524
0.361504934
0.348607634
0.344958123
0.361294863
0.345253042
0.379182604
0.360137659
0.337388259
0.333355346
0.366752559
0.366285303
0.366465174
0.348607634
0.348665385
0.356369701
0.34907489
0.381789645
0.382256901
0.379009804
0.34907489
0.379507261
0.36161952
0.379507261
0.395434496
0.363255369
0.380645653
0.363255369
0.359869086
0.377710047
0.364067894
0.395387717
0.381589223
0.363911554
0.364111976
0.380506467
0.380506467
0.381589223
0.348316982
0.351421624
0.383252694
0.366465174
0.366465174
0.396897545
0.351611583
0.38354008
0.38354008
0.350429097
0.350358068
0.370160616
0.369413065
0.383052272
0.380506467
0.380506467
0.350200617
0.365002125
0.383339658
0.381589223
0.380506467
0.361454408
0.215805283
0.199994132
0.151944143
0.151116704
0.216905839
0.287435092
0.237330405
0.27465782
0.278682814
0.344720892
0.336017012
0.336017012
0.346471326
0.346471326
0.336017012
0.364851513
0.332235133
0.351611583
0.351611583
0.351202079
0.351611583
0.379278377
0.381867683
0.369035732
0.351611583
0.363101078
0.363101078
0.351611583
0.350067416
0.384342918
0.384342918
0.363101078
0.350610122
0.367748352
0.362830729
0.362726965
0.362726965
0.336017012
0.380404634
0.362830729
0.351611583
0.384630304
0.361454408
0.362830729
0.381161621
0.39406722
0.376389551
0.36161952
0.377943459
0.377943459
0.361080295
0.360137659
0.363255369
0.348859688
0.348859688
0.340775129
0.362830729
0.376257158
0.378523144
0.350825324
0.375022275
0.362808616
0.351421624
0.351421624
0.362808616
0.348859688
0.34907489
0.348316982
0.346996977
0.351421624
0.351421624
0.367469674
0.365933439
0.350358068
0.350067416
0.364184936
0.353185336
0.364579231
0.365661988
0.347324455
0.347324455
0.350067416
0.351421624
0.351421624
0.351964329
0.367745086
0.380506467
0.366752559
0.350067416
0.365661988
0.382256901
0.3528926
0.337388259
0.378139985
0.364579231
0.351421624
0.361454408
0.365661988
0.365661988
0.350067416
0.351421624
0.349657912
0.353349249
0.346061821
0.367016195
0.34907489
0.351421624
0.349657912
0.351202079
0.351421624
0.351256752
0.370343574
0.367833776
0.365661988
0.367016195
0.351421624
0.368306842
0.36586241
0.364579231
0.367016195
0.367016195
0.337837813
0.349657912
0.365933439
0.397012809
0.365452905
0.349657912
0.365252483
0.365252483
0.364169727
0.353996298
0.363242301
0.368306842
0.351421624
0.356134538
0.36654313
0.339484483
0.351421624
0.367745086
0.339484483
0.337837813
0.349657912
0.351421624
0.365661988
0.349657912
0.355806983
0.351421624
0.351202079
0.354256437
0.352965791
0.351202079
0.369233386
0.369776092
0.352508038
0.352508038
0.351202079
0.351202079
0.354256437
0.352965791
0.351421624
0.352965791
0.350429097
0.352492725
0.335607507
0.337371219
0.351875103
0.353638815
0.35427175
0.335827052
0.336459988
0.352736518
0.337371219
0.349657912
0.335607507
0.338915386
0.352508038
0.35427175
0.370777553
0.351202079
0.352965791
0.352965791
0.337371219
0.369233386
0.355182982
0.352965791
0.364455286
0.351421624
0.351202079
0.351421624
0.352736518
0.353638815
0.369013841
0.351421624
0.351421624
0.353638815
0.35427175
0.355182982
0.351421624
0.351421624
0.33406334
0.353638815
0.352736518
0.353638815
0.35341927
0.351202079
0.351421624
0.351421624
0.352736518
0.33406334
0.33406334
0.351611583
0.351421624
0.352965791
0.352736518
0.352150514
0.334924755
0.351421624
0.350200617
0.351421624
0.352965791
0.351421624
0.350972806
0.364184936
0.36824086
0.351421624
0.352736518
0.335827052
0.347825533
0.352736518
0.380620378
0.334924755
0.36289775
0.335827052
0.380620378
0.364533598
0.364184936
0.36824086
0.336459988
0.336459988
0.347003476
0.336459988
0.349472203
0.352492725
0.346061821
0.346593972
0.380657626
0.371059271
0.346593972
0.334696276
0.364067894
0.336231508
0.337151674
0.380657626
0.369295558
0.343666826
0.343322275
0.344958123
0.347708491
0.346593972
0.346593972
0.364405734
0.362769886
0.344958123
0.347708491
0.362421224
0.346061821
0.379290351
0.352508038
0.344958123
0.346061821
0.347825533
0.346061821
0.344415151
0.362845864
0.346061821
0.344958123
0.346593972
0.344958123
0.347708491
0.346061821
0.346721836
0.344958123
0.344958123
0.344958123
0.333161043
0.333161043
0.327146361
0.347825533
0.346061821
0.346721836
0.364405734
0.334696276
0.344958123
0.344958123
0.344958123
0.364405734
0.362769886
0.366169446
0.366169446
0.346593972
0.344958123
0.364405734
0.355806983
0.346593972
0.348357684
0.369524038
0.333161043
0.361478589
0.344958123
0.348357684
0.344958123
0.334696276
0.334696276
0.362769886
0.364533598
0.398673231
0.379290351
0.362845864
0.346593972
0.364405734
0.380657626
0.344958123
0.366477148
0.397102113
0.344958123
0.346593972
0.364405734
0.361478589
0.361294863
0.377815328
0.379290351
0.335888393
0.346721836
0.349472203
0.352508038
0.361294863
0.361478589
0.380764498
0.346061821
0.361210016
0.344958123
0.366477148
0.361478589
0.361478589
0.224270181
0.163664334
0.23379399
0.281595386
0.287435092
0.323071993
0.309973636
0.309828873
0.29420909
0.310625896
0.346721836
0.333161043
0.346721836
0.344958123
0.335888393
0.334924755
0.334795516
0.395486419
0.334472845
0.378084161
0.365661988
0.334472845
0.332722411
0.377674657
0.363873584
0.338872994
0.340249315
0.346061821
0.346061821
0.34963086
0.385829039
0.397250131
0.369013841
0.396862739
0.380814689
0.368674502
0.355396356
0.346061821
0.35341927
0.351875103
0.349992625
0.353432385
0.336061311
0.342367382
0.340823216
0.342063831
0.353852189
0.384722552
0.356349459
0.369967666
0.356417787
0.369013841
0.355462621
0.357708433
0.342367382
0.353918454
0.339279049
0.351875103
0.339279049
0.368303571
0.356755513
0.371758838
0.370062137
0.38669189
0.338872994
0.354723031
0.372118517
0.338872994
0.370468192
0.365617625
0.40124115
0.383064246
0.322547526
0.37264343
0.370062137
0.370262559
0.371720443
0.371352784
0.372729104
0.37264343
0.370062137
0.372126498
0.355208333
0.386118604
0.384903534
0.368674502
0.399285849
0.384854076
0.383429387
0.381260713
0.384538392
0.379050977
0.384827958
0.39878291
0.39823906
0.379497
0.397308763
0.379050977
0.379050977
0.368306842
0.369967666
0.379050977
0.398688138
0.382191009
0.379050977
0.382191009
0.379050977
0.396862739
0.396862739
0.396862739
0.396862739
0.397308763
0.336368608
0.346061821
0.396862739
0.379050977
0.380232987
0.396862739
0.379050977
0.396862739
0.379497
0.380232987
0.395486419
0.396862739
0.395486419
0.35128579
0.364934463
0.396862739
0.396862739
0.385645538
0.385645538
0.385645538
0.365831606
0.397308763
0.363873584
0.396862739
0.396862739
0.379050977
0.379050977
0.396862739
0.396862739
0.398626452
0.396862739
0.379050977
0.398626452
0.337371219
0.381260713
0.396862739
0.397250131
0.383860631
0.400451851
0.346434617
0.346434617
0.39823906
0.39823906
0.368306842
0.398626452
0.396862739
0.361450958
0.379497
0.380814689
0.400002772
0.39823906
0.400002772
0.39823906
0.396862739
0.36654313
0.351202079
0.398626452
0.382191009
0.347825533
0.378856666
0.397250131
0.379050977
0.379050977
0.346061821
0.395486419
0.377674657
0.377674657
0.397361923
0.379050977
0.377674657
0.379050977
0.379050977
0.361044904
0.362421224
0.395486419
0.395486419
0.362226914
0.363873584
0.346061821
0.361044904
0.379050977
0.328250059
0.362421224
0.346061821
0.362421224
0.275532121
0.225299138
0.178344527
0.205844533
0.231825195
0.275827433
0.308766799
0.328250059
0.328250059
0.328250059
0.328250059
0.346061821
0.347825533
0.328250059
0.328250059
0.379050977
0.346061821
0.344415151
0.344609462
0.362421224
0.347708491
0.396862739
0.344415151
0.346061821
0.346061821
0.379050977
0.39823906
0.396862739
0.346061821
0.362226914
0.310811092
0.275827433
0.277579337
0.295536612
0.28226465
0.257720359
0.28226465
0.277579337
0.275532121
0.296879556
0.281964793
0.275532121
0.293639196
0.275532121
0.275827433
0.258015671
0.280071922
0.278020161
0.278020161
0.269686828
0.275827433
0.266371354
0.275827433
0.277879194
0.278093479
0.275827433
0.258038021
0.26841857
0.275827433
0.241349004
0.2674941
0.275827433
0.26841857
0.258038021
0.268718427
0.266666667
0.258038021
0.258038021
0.273958333
0.290292774
0.258038021
0.258333333
0.266666667
0.266666667
0.25
0.266666667
0.266371354
0.276190476
0.260256859
0.265625
0.260385094
0.266371354
0.251923525
0.25
0.25205176
0.290823216
0.243331794
0.218455485
0.166297526
0.225828667
0.258038021
0.249741602
0.216666667
0.25
0.25
0.266666667
0.266371354
0.276190476
0.266666667
0.266666667
0.266666667
0.266666667
0.268718427
0.266666667
0.273958333
0.266666667
0.270770188
0.266666667
0.266666667
0.268718427
0.266666667
0.268718427
0.282705795
0.266371354
0.266371354
0.266666667
0.29963086
0.266076042
0.282705795
0.283333333
0.251751904
0.25
0.249446289
0.299667774
0.249741602
0.258038021
0.292524917
0.259160767
0.266371354
0.275532121
0.266076042
0.266076042
0.282705795
0.299667774
0.307596041
0.283001107
0.268774679
0.266371354
0.266371354
0.301318099
0.26841857
0.266371354
0.268718427
0.287436854
0.266666667
0.284647777
0.266076042
0.285052867
0.266666667
0.285385094
0.268718427
0.266371354
0.266076042
0.268423115
0.30205176
0.332964193
0.340929374
0.347827214
0.377043964
0.386892312
0.386052102
0.390158303
0.394027811
0.390339622
0.378027032
0.374477607
0.37742161
0.390339622
0.367012637
0.389864288
0.378395176
0.391520076
0.37460443
0.378141656
0.37980248
0.376851009
0.399114063
0.374269717
0.378141656
0.377216151
0.377218669
0.387057032
0.378509315
0.393553853
0.38669189
0.388350196
0.378509315
0.362547084
0.361321737
0.377244716
0.406244945
0.375925505
0.37602762
0.374272376
0.392628348
0.404979949
0.404926485
0.387057032
0.405301626
0.379838132
0.400876008
0.389358857
0.389273182
0.379529409
0.379529409
0.390649503
0.390649503
0.359967401
0.389273182
0.390649503
0.389358857
0.358423234
0.390876975
0.420988903
0.389358857
0.389358857
0.402711219
0.404612289
0.435390615
0.418687771
0.371097318
0.386671085
0.386985454
0.242228094
0.20962001
0.190019338
0.224778516
0.269780668
0.300657006
0.328117625
0.33938198
0.355208333
0.363633908
0.373049484
0.358048678
0.386613272
0.391465705
0.374715344
0.358678699
0.390086329
0.400162285
0.354467566
0.372473639
0.347004155
0.359772921
0.390455023
0.3742901
0.391019681
0.407538109
0.354802279
0.371161012
0.38806821
0.386755583
0.358901391
0.374272376
0.364074378
0.361321737
0.364074378
0.372808352
0.374272376
0.377244716
0.389809672
0.359009858
0.361321737
0.392660939
0.378509315
0.377244716
0.350190211
0.371432032
0.374634858
0.362884315
0.378509315
0.38669189
0.377218669
0.378509315
0.360300505
0.387057032
0.361593669
0.378509315
0.387134858
0.379639736
0.378509315
0.374634858
0.367467391
0.377216151
0.387134858
0.389643361
0.37980248
0.370468192
0.380003768
0.393553853
0.377218669
0.388425505
0.370468192
0.389893609
0.387982536
0.393553853
0.378511834
0.363140849
0.377218669
0.364431495
0.35921028
0.391347889
0.360300505
0.389716151
0.374634858
0.359009858
0.344932038
0.226041667
0.216903883
0.216445182
0.258333333
0.284983659
0.34963086
0.353801525
0.370468192
0.360303023
0.374634858
0.387134858
0.387134858
0.370468192
0.359009858
0.359009858
0.387134858
0.375560363
0.387134858
0.359009858
0.387134858
0.375925505
0.377221188
0.377218669
0.375560363
0.378511834
0.377216151
0.378511834
0.378511834
0.381777718
0.378511834
0.378511834
0.364881062
0.362050625
0.378511834
0.37980248
0.37980248
0.378509315
0.360300505
0.361591151
0.35921028
0.375925505
0.378509315
0.375925505
0.37980248
0.376118459
0.375925505
0.367467391
0.37980248
0.375925505
0.378511834
0.378511834
0.37742161
0.37483528
0.375925505
0.375925505
0.37980248
0.376118459
0.360493459
0.377411624
0.378511834
0.37980248
0.37980248
0.362050625
0.332416346
0.378656826
0.363333803
0.367467391
0.37980248
0.378511834
0.37742161
0.37742161
0.378704788
0.378511834
0.377218669
0.377216151
0.377218669
0.386052102
0.37483528
0.375925505
0.374634858
0.374634858
0.378511834
0.357927102
0.362050625
0.362050625
0.362050625
0.394027811
0.377411624
0.378656826
0.393657633
0.379843693
0.33371946
0.377411624
0.362884315
0.370668614
0.330320815
0.323787409
0.339128459
0.40272943
0.371097318
0.369385435
0.371097318
0.38669189
0.387982536
0.371097318
0.354467566
0.353801525
0.363300924
0.374634858
0.372212709
0.363300924
0.379196426
0.377216151
0.377221188
0.361847685
0.359009858
0.376851009
0.387134858
0.359965792
0.388350196
0.388350196
0.388350196
0.360300505
0.356382818
0.346222685
0.360557038
0.360557038
0.377221188
0.330574336
0.327790287
0.322612382
0.38669189
0.38669189
0.313102581
0.313102581
0.359803964
0.359499399
0.353432385
0.327783087
0.359093345
0.359093345
0.360714395
0.359499399
0.348345631
0.360714395
0.360714395
0.359499399
0.359499399
0.359499399
0.359499399
0.370468192
0.343678588
0.359093345
0.374179905
0.359499399
0.374179905
0.359499399
0.313102581
0.359499399
0.376470631
0.375261871
0.375261871
0.360714395
0.359009858
0.390846571
0.404020076
0.375925505
0.377216151
0.388618459
0.394106405
0.388461682
0.373049484
0.377003348
0.38733528
0.370668614
0.389997835
0.38733528
0.388618459
0.378509315
0.374179905
0.361149724
0.359093345
0.376938093
0.376166066
0.376938093
0.358591081
0.371720443
0.371432032
0.38806821
0.360878775
0.353432385
0.387982536
0.388514234
0.347738407
0.356369701
0.357046914
0.388514234
0.35997458
0.376166066
0.387982536
0.356742497
0.356523945
0.401420573
0.326686392
0.328598346
0.346913049
0.375577839
0.341825195
0.369446761
0.352374287
0.353852189
0.359499399
0.35545185
0.38806821
0.322243242
0.388461682
0.394359674
0.340929374
0.38806821
0.340672626
0.378596057
0.387134858
0.375928023
0.313742895
0.3394976
0.356013677
0.357708433
0.371951792
0.373049484
0.38735341
0.340672626
0.357708433
0.371758838
0.389716151
0.376470631
0.357708433
0.344818894
0.330138388
0.344818894
0.344818894
0.360714395
0.375261871
0.258089906
0.241408268
0.202483143
0.276190476
0.310382059
0.318204168
0.317944196
0.372118517
0.370468192
0.346051559
0.386052102
0.387134858
0.386052102
0.342367382
0.389716151
0.342367382
0.388618459
0.345262724
0.356013677
0.376938093
0.35487362
0.344818894
0.339279049
0.339279049
0.386052102
0.37054776
0.386052102
0.330138388
0.330138388
0.375261871
0.323787409
0.324463847
0.276676352
0.275
0.307291667
0.293316992
0.260385094
0.258089906
0.26841857
0.268423115
0.258333333
0.268718427
0.284647777
0.258089906
0.260009685
0.275604257
0.283001107
0.305945715
0.3
0.275
0.275
0.276923525
0.290625
0.30830176
0.262308619
0.268718427
0.268718427
0.259961546
0.258333333
0.258333333
0.275881859
0.275881859
0.276591299
0.274667774
0.241164841
0.249704688
0.260256859
0.251923525
0.260385094
0.268718427
0.230799557
0.218537001
0.219112896
0.236298525
0.266666667
0.225570269
0.19375
0.216666667
0.25205176
0.226041667
0.25
0.225
0.244760094
0.244948609
0.209153516
0.221842457
0.216186784
0.211689104
0.248214234
0.246777889
0.202255669
0.228835237
0.20127387
0.199557032
0.214337791
0.216257571
0.199778516
0.195876596
0.218234
0.187778116
0.171540287
0.223278843
0.213558933
0.162208726
0.178875393
0.201599943
0.196272057
0.236674635
0.195876596
0.236674635
0.19912279
0.227630594
0.23690211
0.207189223
0.261072548
0.216696181
0.214553564
0.214553564