295	1
296	1
297	1
298	1
299	1
300	1
301	1
302	1
385	1
386	1
387	1
388	1
389	1
390	1
391	1
392	1
393	1
394	1
506	1
507	1
508	1
509	1
510	1
511	1
512	1
513	1
636	1
637	1
638	1
639	1
640	1
641	1
642	1
643	1
644	1
645	1
684	1
685	1
686	1
687	1
688	1
689	1
690	1
691	1
692	1
693	1
694	1
695	1
696	1
697	1
769	1
770	1
771	1
772	1
773	1
774	1
775	1
776	1
777	1
863	1
864	1
865	1
866	1
867	1
868	1
869	1
870	1
871	1
872	1
873	1
918	1
919	1
920	1
921	1
922	1
923	1
924	1
925	1
981	1
982	1
983	1
984	1
985	1
986	1
987	1
988	1
989	1
990	1
1051	1
1052	1
1053	1
1054	1
1055	1
1056	1
1057	1
1058	1
1059	1
1060	1
1061	1
1062	1
1063	1
1064	1
1065	1
1066	1
1067	1
1068	1
1069	1
1070	1
1071	1
1196	1
1197	1
1198	1
1199	1
1200	1
1201	1
1202	1
1203	1
1204	1
1205	1
1206	1
1207	1
1208	1
1289	1
1290	1
1291	1
1292	1
1293	1
1294	1
1295	1
1296	1
1297	1
1298	1
1299	1
1300	1
1301	1
1460	1
1461	1
1462	1
1463	1
1464	1
1465	1
1466	1
1467	1
1468	1
1469	1
1470	1
1603	1
1604	1
1605	1
1606	1
1607	1
1608	1
1609	1
1610	1
1611	1
1612	1
1613	1
1707	1
1708	1
1709	1
1710	1
1711	1
1712	1
1713	1
1714	1
1715	1
1716	1
1717	1
1718	1
1786	1
1787	1
1788	1
1789	1
1790	1
1791	1
1792	1
1793	1
1794	1
1795	1
1915	1
1916	1
1917	1
1918	1
1919	1
1920	1
1921	1
1922	1
1923	1
1924	1
2137	1
2138	1
2139	1
2140	1
2141	1
2142	1
2143	1
2144	1
2175	1
2176	1
2177	1
2178	1
2179	1
2180	1
2181	1
2182	1
2183	1
2267	1
2268	1
2269	1
2270	1
2271	1
2272	1
2273	1
2274	1
2275	1
2482	1
2483	1
2484	1
2485	1
2486	1
2487	1
2488	1
2489	1
2490	1
2491	1
2492	1
2493	1
2494	1
2495	1
2496	1
2497	1
2498	1
2499	1
2500	1
2501	1
2502	1
2503	1
2504	1
2505	1
2666	1
2667	1
2668	1
2669	1
2670	1
2671	1
2672	1
2673	1
2674	1
2675	1
2676	1
2677	1
2678	1
2679	1
2680	1
2681	1
2682	1
2683	1
2684	1
2685	1
2686	1
2687	1
2688	1
2689	1
2690	1
2913	1
2914	1
2915	1
2916	1
2917	1
2918	1
2919	1
2969	1
2970	1
2971	1
2972	1
2973	1
2974	1
2975	1
2976	1
2977	1
2978	1
2979	1
2980	1
2981	1
2982	1
2983	1
2984	1
2985	1
2986	1
2987	1
2988	1
2989	1
2990	1
2991	1
2992	1
2993	1
2994	1
2995	1
2996	1
2997	1
2998	1
2999	1
3000	1
3001	1
3252	1
3253	1
3254	1
3255	1
3256	1
3257	1
3258	1
3490	1
3491	1
3492	1
3493	1
3494	1
3495	1
3496	1
3497	1
3498	1
3499	1
3619	1
3620	1
3621	1
3622	1
3623	1
3624	1
3625	1
3626	1
3627	1
3628	1
3629	1
3630	1
3631	1
3741	1
3742	1
3743	1
3744	1
3745	1
3746	1
3747	1
3827	1
3828	1
3829	1
3830	1
3831	1
3832	1
3833	1
3996	1
3997	1
3998	1
3999	1
4000	1
4001	1
4002	1
4003	1
4147	1
4148	1
4149	1
4150	1
4151	1
4152	1
4153	1
4154	1
4155	1
4156	1
4292	1
4293	1
4294	1
4295	1
4296	1
4297	1
4298	1
4299	1
4300	1
4301	1
4438	1
4439	1
4440	1
4441	1
4442	1
4443	1
4444	1
4445	1
4446	1
4447	1
4568	1
4569	1
4570	1
4571	1
4572	1
4573	1
4574	1
4575	1
4576	1
4734	1
4735	1
4736	1
4737	1
4738	1
4739	1
4740	1
4741	1
4958	1
4959	1
4960	1
4961	1
4962	1
4963	1
4964	1
4965	1
4982	1
4983	1
4984	1
4985	1
4986	1
4987	1
4988	1
4989	1
4990	1
4991	1
4992	1
4999	1
5000	1
5001	1
5002	1
5003	1
5004	1
5005	1
5006	1
5007	1
5044	1
5045	1
5046	1
5047	1
5048	1
5049	1
5050	1
5051	1