0.244948727921
0.279662015482
0.211904420812
0.194517760026
0.205060583569
0.207053483657
0.345313248878
0.299114454206
0.265033979808
0.265979064162
0.232069755094
0.232069755094
0.198132035571
0.306259728946
0.265474107441
0.26568039078
0.26568039078
0.26568039078
0.26568039078
0.26568039078
0.26568039078
0.26568039078
0.26568039078
0.26568039078
0.26568039078
0.26568039078
0.26568039078
0.26568039078
0.26568039078
0.26568039078
0.26568039078
0.26568039078
0.26568039078
0.26568039078
0.26568039078
0.26568039078
0.26568039078
0.26568039078
0.26568039078
0.26568039078
0.26568039078
0.26568039078
0.26568039078
0.26568039078
0.28520564762
0.285333735525
0.285333735525
0.285333735525
0.285333735525
0.285333735525
0.285333735525
0.285333735525
0.285333735525
0.285333735525
0.285333735525
0.285333735525
0.285333735525
0.285333735525
0.285333735525
0.285333735525
0.285333735525
0.285333735525
0.285333735525
0.285333735525
0.285333735525
0.285333735525
0.285333735525
0.285333735525
0.19890433808
0.211644031964
0.22385856851
0.265424536627
0.236866591885
0.250999885292
0.280042075973
0.26533619362
0.274398935152
0.252807138104
0.249217055937
0.28164058191
0.249217055937
0.249217055937
0.242429821064
0.277174052767
0.278831835564
0.265908782566
0.265908782566
0.252337634635
0.267043516987
0.251775489158
0.252790142464
0.237069606805
0.262775647189
0.264125953211
0.259690575811
0.258819117483
0.302798118528
0.316230688883
0.315149848483
0.310194521908
0.301984013163
0.301448181748
0.301448181748
0.316230688883
0.314857535293
0.314925378058
0.341169716666
0.322222794719
0.336667864768
0.323421370883
0.338406398752
0.352348552091
0.338406398752
0.338101876371
0.250999885292
0.172576123401
0.161037357625
0.129988463003
0.175704450075
0.193743024699
0.222186086397
0.251202900213
0.237069606805
0.265908782566
0.265908782566
0.264148110926
0.265908782566
0.27860806437
0.264125953211
0.249217055937
0.242302858282
0.251202900213
0.250999885292
0.236866591885
0.252337634635
0.23788124519
0.223378377758
0.223378377758
0.23788124519
0.23788124519
0.231548312398
0.258555841389
0.26568039078
0.236007918788
0.214894407253
0.227875569978
0.252337634635
0.250999885292
0.265908782566
0.237069606805
0.258555841389
0.237069606805
0.237069606805
0.230533659093
0.252337634635
0.251202900213
0.265908782566
0.250999885292
0.237069606805
0.264246379177
0.238879983653
0.230533659093
0.245437201287
0.238673844697
0.230533659093
0.238084260111
0.251775489158
0.253231658476
0.222363724452
0.250992165604
0.223378377758
0.265908782566
0.266088924109
0.265908782566
0.273906985238
0.272538503203
0.263699167097
0.264870427085
0.294494189675
0.27510752989
0.263699167097
0.279813684187
0.254614390917
0.258466885532
0.283074593512
0.278379672584
0.288040278646
0.265133178699
0.279813684187
0.274142988802
0.279813684187
0.265133178699
0.26568039078
0.26568039078
0.272496678947
0.279813684187
0.26568039078
0.256929373937
0.278379672584
0.27860806437
0.278379672584
0.271062667344
0.279813684187
0.278379672584
0.294494189675
0.265908782566
0.26568039078
0.279813684187
0.280042075973
0.280042075973
0.26568039078
0.265133178699
0.250999885292
0.257008740635
0.292419685501
0.278379672584
0.280418441217
0.255958388329
0.27860806437
0.264125953211
0.265908782566
0.265582122529
0.264125953211
0.293313946723
0.298663142155
0.293313946723
0.270708656244
0.278379672584
0.294747958326
0.265908782566
0.294747958326
0.294747958326
0.278337445182
0.280614664918
0.294747958326
0.286771097577
0.294747958326
0.293313946723
0.264125953211
0.291625867322
0.292078359246
0.286519283105
0.286519283105
0.291625867322
0.294747958326
0.308994634046
0.280360896268
0.294747958326
0.280614664918
0.293313946723
0.294747958326
0.280614664918
0.299412283409
0.286364183853
0.308994634046
0.299114454206
0.279813684187
0.279813684187
0.280614664918
0.294747958326
0.294513834585
0.293060178072
0.299994525236
0.296226285358
0.288227266894
0.300314342068
0.287953294707
0.293453630268
0.278601162936
0.278403917714
0.285144012083
0.285144012083
0.279976433958
0.277244603957
0.286578023685
0.278619874979
0.287953294707
0.278403917714
0.286519283105
0.286578023685
0.286364183853
0.294747958326
0.286578023685
0.286578023685
0.293313946723
0.272230890445
0.286364183853
0.294747958326
0.249793321312
0.285160769946
0.270569342464
0.26568039078
0.26568039078
0.230362587227
0.143401324108
0.156860749913
0.173206055643
0.184134703379
0.228078584898
0.23508376253
0.252495677089
0.235946447591
0.265368929764
0.272287517271
0.25102430875
0.268941300105
0.250999885292
0.278379672584
0.250999885292
0.279813684187
0.279813684187
0.265908782566
0.26568039078
0.25836338554
0.279813684187
0.279813684187
0.25836338554
0.26568039078
0.26568039078
0.250999885292
0.249565873689
0.26568039078
0.244495880634
0.26568039078
0.26568039078
0.257195162439
0.254614390917
0.252807138104
0.249565873689
0.258629174041
0.265133178699
0.257195162439
0.25715631795
0.249217055937
0.250999885292
0.249565873689
0.244495880634
0.267600139656
0.251365599815
0.263699167097
0.249565873689
0.250999885292
0.26568039078
0.26568039078
0.26568039078
0.250999885292
0.26568039078
0.278379672584
0.250999885292
0.244495880634
0.283074593512
0.279760476694
0.257953709776
0.264870427085
0.285160769946
0.260795630907
0.277013119712
0.254614390917
0.257195162439
0.260336341909
0.264870427085
0.266226986065
0.270708656244
0.264536412809
0.28493017225
0.280042075973
0.294747958326
0.272065215224
0.285414538597
0.294770116041
0.272065215224
0.282092991951
0.257338718337
0.25678034885
0.294770116041
0.295967491098
0.256580556185
0.256580556185
0.251365599815
0.265065515423
0.25836338554
0.270661900923
0.250009040835
0.215913574705
0.11686805127
0.106006970922
0.120612126867
0.147623886044
0.178236320326
0.216644770204
0.223378377758
0.250999885292
0.249420070858
0.236866591885
0.251202900213
0.251202900213
0.236319379804
0.24976888861
0.250999885292
0.251202900213
0.267364951883
0.249217055937
0.250999885292
0.250999885292
0.251202900213
0.236866591885
0.236866591885
0.250999885292
0.222363724452
0.23649701786
0.250999885292
0.250999885292
0.23649701786
0.236866591885
0.236866591885
0.236866591885
0.228579757872
0.235925816406
0.225640236532
0.230533659093
0.222225900797
0.232069755094
0.233280176902
0.24976888861
0.26568039078
0.237069606805
0.265908782566
0.251202900213
0.251202900213
0.251202900213
0.251202900213
0.244495880634
0.235063006257
0.265908782566
0.251202900213
0.251202900213
0.230533659093
0.250999885292
0.23649701786
0.250999885292
0.265908782566
0.250999885292
0.236866591885
0.237069606805
0.222186086397
0.250999885292
0.250999885292
0.237069606805
0.251202900213
0.263699167097
0.257338718337
0.270480264458
0.257008740635
0.267364951883
0.265936330058
0.265908782566
0.26763382468
0.274180841389
0.252337634635
0.258555841389
0.238084260111
0.265908782566
0.280614664918
0.294747958326
0.267043516987
0.258555841389
0.251202900213
0.258555841389
0.259690575811
0.265908782566
0.279180653316
0.265908782566
0.25836338554
0.280042075973
0.273943950335
0.281296891511
0.281296891511
0.294747958326
0.294494189675
0.286578023685
0.266387994238
0.286578023685
0.279813684187
0.296002773864
0.267043516987
0.26568039078
0.265908782566
0.265908782566
0.265908782566
0.265908782566
0.259690575811
0.294747958326
0.28174939934
0.252337634635
0.265908782566
0.265908782566
0.265908782566
0.26568039078
0.26568039078
0.26568039078
0.26568039078
0.26568039078
0.265908782566
0.26568039078
0.236866591885
0.154759527832
0.126278323849
0.117657638813
0.127865068228
0.209345335485
0.218202250188
0.25836338554
0.258993123777
0.265908782566
0.285144012083
0.242099843362
0.265908782566
0.264125953211
0.265908782566
0.258555841389
0.25836338554
0.244495880634
0.237995661908
0.255339000432
0.264474770963
0.267043516987
0.255652181655
0.288187563452
0.247986059255
0.216644770204
0.230362587227
0.230362587227
0.216495082321
0.188841063915
0.189737492348
0.216447769826
0.175576146176
0.177048328863
0.17469820575
0.172447819502
0.157965708342
0.136020786463
0.120235989641
0.119488459589
0.11681722695
0.116109156321
0.116109156321
0.122740461918
0.122740461918
0.123260787691
0.119377599718
0.122762133425
0.122740461918
0.122740461918
0.11936115865
0.119767831111
0.153442387699
0.119981733056
0.149350918102
0.156797405177
0.162199040421
0.116109156321
0.122740461918
0.156824046071
0.140167212738
0.174926246514
0.151708853365
0.179675946108
0.140435858415
0.176448042212
0.161037357625
0.172447819502
0.158580314596
0.158580314596
0.14471280969
0.150314935132
0.147062932803
0.147062932803
0.14471280969
0.158687234512
0.162772201832
0.158687234512
0.15376020843
0.177325822995
0.174797942615
0.180790975377
0.174797942615
0.173740775476
0.169878099584
0.207505580909
0.251622376575
0.286364183853
0.339316872151
0.294494189675
0.341706753306
0.352653117249
0.338883042383
0.357065217934
0.338101876371
0.367071049626
0.352348552091
0.310116725383
0.352348552091
0.316089448282
0.368279809288
0.339790595112
0.367375572007
0.324484445553
0.338573499078
0.338235336895
0.341997817272
0.319189216879
0.35160026092
0.34909044445
0.352636696867
0.322320694881
0.35385164987
0.329030169203
0.323250266249
0.352947377195
0.352655367744
0.347206033141
0.336877170395
0.331864982291
0.332751753628
0.345915386941
0.344624740742
0.339386941054
0.33712730364
0.35294955562
0.35385164987
0.339145767517
0.336521205743
0.345966150864
0.235318406289
0.155183648422
0.178700645126
0.176318327045
0.10283966901
0.178700645126
0.223999725998
0.285037408409
0.307715538935
0.323275685891
0.324484445553
0.335423513882
0.310116725383
0.342302101884
0.347962818803
0.326493475448
0.330856053282
0.333960513289
0.345132460344
0.333960513289
0.346415638904
0.333059051251
0.33516927295
0.348345631013
0.351839334204
0.348684051251
0.333960513289
0.322320694881
0.335677282533
0.339452432929
0.324738214203
0.323529454542
0.34066119259
0.360493459004
0.36178662354
0.376118459004
0.35239473511
0.376118459004
0.37741162354
0.391441481915
0.360501029472
0.376118459004
0.34370593862
0.37741162354
0.360263910925
0.365263795548
0.360330933126
0.329572874723
0.249034734589
0.168586541202
0.161612444692
0.146140610129
0.120702710874
0.117556299417
0.124914464067
0.14928888042
0.144733394791
0.163994762773
0.243590465113
0.266591009158
0.310370494034
0.310116725383
0.308670529945
0.308670529945
0.317811190455
0.308670529945
0.295749005213
0.308670529945
0.317811190455
0.316602430793
0.316602430793
0.308907965722
0.323275685891
0.324484445553
0.323275685891
0.308670529945
0.309161734372
0.308907965722
0.323588471209
0.308670529945
0.308670529945
0.292856614338
0.307461770284
0.307461770284
0.293863878408
0.306092872694
0.310116725383
0.307461770284
0.321433923544
0.309744271758
0.305839104044
0.310116725383
0.306092872694
0.319257385892
0.334849159698
0.330574336092
0.329030169203
0.311891430776
0.318975442643
0.329080933126
0.343280995832
0.330856053282
0.32834493996
0.335677282533
0.329616171006
0.314059598396
0.322320694881
0.347652508169
0.331117041611
0.329616171006
0.332400220171
0.346415638904
0.344564174392
0.335677282533
0.335677282533
0.323529454542
0.329311886394
0.320424994535
0.347652508169
0.326194383521
0.343585280444
0.33516927295
0.332416346401
0.343280995832
0.341997817272
0.318646271535
0.32179536035
0.334140335322
0.323275685891
0.332720631013
0.335423513882
0.331427352246
0.329880172346
0.286676559459
0.146805054879
0.167002025878
0.135297118767
0.120909641142
0.199840351008
0.282072748113
0.27297508486
0.344564174392
0.324738214203
0.310116725383
0.328028707834
0.310370494034
0.339444096556
0.320171225885
0.323275685891
0.323275685891
0.310959267538
0.308670529945
0.308670529945
0.323275685891
0.324186116513
0.323275685891
0.32206692623
0.339145767517
0.323275685891
0.32206692623
0.310116725383
0.337956191379
0.335860660381
0.324484445553
0.323588471209
0.308740865395
0.303541441736
0.348010917939
0.354149978909
0.380604878525
0.363970631013
0.363970631013
0.35385164987
0.376118459004
0.338235336895
0.342358384819
0.350556155644
0.380220683902
0.379310210503
0.379005688122
0.366033093151
0.367248088932
0.352848829213
0.353851692647
0.367241852813
0.381980727953
0.397119957888
0.380110491639
0.368279809288
0.396229878525
0.411653859088
0.398817350566
0.354762123269
0.35506664565
0.355068745904
0.35385164987
0.335393569857
0.340362863551
0.348899564348
0.379601975253
0.341050566018
0.351480856747
0.364716342078
0.353547127489
0.352332131709
0.364822542735
0.3645159201
0.363605446701
0.363605446701
0.380812684269
0.37920001824
0.380417114273
0.364822542735
0.3645159201
0.349835414612
0.3648960929
0.363433163518
0.3645159201
0.36330092432
0.344047728301
0.353547127489
0.338866622001
0.345006116282
0.344938830297
0.35597711905
0.340081617781
0.331138611377
0.311197928271
0.162163651844
0.176318327045
0.164151142061
0.121222021951
0.154536728503
0.163867878447
0.200163398693
0.257998202673
0.304294937155
0.322890092862
0.301533763013
0.337651626221
0.341296613562
0.351126060812
0.340081617781
0.340362863551
0.350471057415
0.341296613562
0.352416707011
0.341296613562
0.340360763297
0.336940497512
0.352416707011
0.374280366301
0.3648960929
0.396011685812
0.334310813275
0.333025847293
0.352416707011
0.318599110456
0.303004538917
0.303302129628
0.303302129628
0.301848473115
0.303302129628
0.302102241766
0.279629765363
0.302750770267
0.280639542238
0.280383260782
0.293610109757
0.334310813275
0.350274497323
0.335593991835
0.324186116513
0.334310813275
0.323520582742
0.308915426797
0.323520582742
0.334310813275
0.332857156762
0.334140335322
0.348991318763
0.337962427498
0.248890447416
0.121017139268
0.178700645126
0.103667410528
0.220385220374
0.250688424276
0.278404500636
0.318806471452
0.33820108823
0.337026577233
0.335593991835
0.323520582742
0.307461770284
0.324484445553
0.307461770284
0.292856614338
0.323776864198
0.334193681995
0.336877170395
0.324729342404
0.339171187159
0.334310813275
0.324484445553
0.324484445553
0.322320694881
0.333625106062
0.344564174392
0.324738214203
0.311213036189
0.324738214203
0.344564174392
0.31635443973
0.333625106062
0.333929390674
0.324484445553
0.333625106062
0.323275685891
0.341997817272
0.335764469788
0.335593991835
0.335593991835
0.32206692623
0.334140335322
0.32206692623
0.332857156762
0.335677282533
0.334394103973
0.335423513882
0.334394103973
0.338235336895
0.340113058222
0.34882084081
0.338235336895
0.34882084081
0.338235336895
0.333568552813
0.323275685891
0.334140335322
0.323529454542
0.32206692623
0.335677282533
0.335677282533
0.335423513882
0.146906562339
0.178306397124
0.146020906563
0.162163651844
0.128166466396
0.114277577507
0.235091102726
0.275335921675
0.305172706538
0.335130876888
0.336877170395
0.335130876888
0.335423513882
0.335423513882
0.320171225885
0.335423513882
0.318635993499
0.323275685891
0.334140335322
0.335677282533
0.32206692623
0.320171225885
0.34482516272
0.327776654008
0.334295920516
0.323520582742
0.324974239255
0.308915426797
0.332857156762
0.31969076457
0.310369083309
0.308915426797
0.320171225885
0.320001075205
0.331511871351
0.316906715405
0.316906715405
0.316906715405
0.328037642337
0.309171708252
0.308915426797
0.332751753628
0.332751753628
0.324729342404
0.329311886394
0.326493475448
0.329616171006
0.307461770284
0.331511871351
0.324729342404
0.334310813275
0.337956191379
0.321543306524
0.323520582742
0.339691506212
0.339409847892
0.329013184975
0.331207586739
0.324729342404
0.331207586739
0.354149978909
0.302301559459
0.296773704238
0.311826663351
0.323595932284
0.310369083309
0.319254588159
0.321433923544
0.310370494034
0.318048626231
0.206724652906
0.135717030955
0.165084032596
0.124687619191
0.094605078612
0.121222021951
0.117657806877
0.133885920026
0.133885920026
0.169500607253
0.204682293683
0.167466350677
0.209345335485
0.175713968603
0.193636555509
0.175588215933
0.21586144665
0.206645739252
0.203330537701
0.223378377758
0.252337634635
0.230065207512
0.215072045309
0.252337634635
0.236866591885
0.226062778894
0.223241979949
0.260265641745
0.240122580564
0.249674511501
0.257338718337
0.251361048183
0.251202900213
0.265908782566
0.265908782566
0.251202900213
0.249420070858
0.237069606805
0.249420070858
0.26379934469
0.244593923501
0.218115303041
0.24606529184
0.207653748297
0.238755721064
0.240122580564
0.245801686922
0.25836338554
0.272444730278
0.237045920708
0.259690575811
0.231548312398
0.265908782566
0.25836338554
0.251775489158
0.252337634635
0.265908782566
0.258555841389
0.251202900213
0.280360896268
0.26568039078
0.265908782566
0.265908782566
0.258555841389
0.265908782566
0.265908782566
0.251775489158
0.258555841389
0.258555841389
0.265908782566
0.237069606805
0.244349518983
0.228750829738
0.242986207544
0.25685371245
0.267719159413
0.244357790007
0.247783044335
0.25678034885
0.228729905455
0.24275667615
0.264474770963
0.258695277317
0.265908782566
0.265908782566
0.265908782566
0.250999885292
0.251775489158
0.265908782566
0.237069606805
0.251547097373
0.265908782566
0.262691941608
0.238673844697
0.23508376253
0.265908782566
0.26568039078
0.267719159413
0.258497100808
0.237069606805
0.262691941608
0.251775489158
0.236866591885
0.264474770963
0.262463549823
0.236891015343
0.25301327706
0.236866591885
0.233300933176
0.236866591885
0.237097154298
0.233503948096
0.227043368773
0.237097154298
0.237069606805
0.235108185988
0.224083509345
0.24030306727
0.228932920376
0.233503948096
0.236866591885
0.237069606805
0.251202900213
0.237069606805
0.244422547982
0.244422547982
0.251775489158
0.265908782566
0.265908782566
0.251547097373
0.279813684187
0.265908782566
0.251202900213
0.236866591885
0.265908782566
0.24976888861
0.270310063152
0.252337634635
0.252134619714
0.238879983653
0.238879983653
0.253941872526
0.247598755353
0.248890447416
0.243061869031
0.211293931181
0.180454149669
0.111106010361
0.139746353347
0.140307917065
0.11682344073
0.100155515737
0.141742870151
0.161261073847
0.180223616605
0.201828404377
0.216644770204
0.21406346979
0.227952358679
0.227952358679
0.2351458457
0.242396661807
0.230533659093
0.209345335485
0.21765942351
0.223378377758
0.238084260111
0.230533659093
0.229750335538
0.2446669525
0.230533659093
0.237069606805
0.265106980904
0.233970134478
0.218798065743
0.230077215633
0.206821547092
0.218798065743
0.224106773019
0.228850621586
0.242566689628
0.23255367407
0.240856889273
0.235314324944
0.241723874261
0.251202900213
0.26568039078
0.251202900213
0.236866591885
0.23508376253
0.237069606805
0.237069606805
0.251202900213
0.250999885292
0.236866591885
0.250999885292
0.251202900213
0.250999885292
0.230362587227
0.236866591885
0.250999885292
0.230362587227
0.237069606805
0.237069606805
0.237069606805
0.230533659093
0.236866591885
0.236866591885
0.250999885292
0.239688498003
0.280042075973
0.251202900213
0.250999885292
0.250999885292
0.250999885292
0.252134619714
0.250999885292
0.281296891511
0.237069606805
0.250999885292
0.239894636958
0.251202900213
0.254614390917
0.236298683238
0.265908782566
0.24976888861
0.252337634635
0.223378377758
0.252337634635
0.238084260111
0.238084260111
0.251202900213
0.265908782566
0.265908782566
0.251202900213
0.267719159413
0.265609721537
0.24426731498
0.177478084185
0.142549115561
0.0830784889447
0.117288655346
0.110771318593
0.153897794488
0.168410834281
0.207563704271
0.213079111495
0.251775489158
0.229750335538
0.226968000384
0.226968000384
0.241450111543
0.230533659093
0.226968000384
0.226968000384
0.243159911899
0.264502318456
0.244422547982
0.258831630142
0.264148110926
0.247986059255
0.241450111543
0.237069606805
0.288968080569
0.241450111543
0.255339000432
0.242557514624
0.255339000432
0.273980602173
0.249674511501
0.262691941608
0.278404500636
0.249194188744
0.234488306391
0.245059762005
0.26379934469
0.293313946723
0.249093462337
0.26379934469
0.252790142464
0.267364951883
0.250697700229
0.250650187524
0.256983120316
0.256446403513
0.264148110926
0.249992659804
0.278926884665
0.267719159413
0.280614664918
0.279180653316
0.262691941608
0.23441035159
0.267719159413
0.263544688348
0.2738200013
0.257008740635
0.241450111543
0.265908782566
0.265908782566
0.280042075973
0.265908782566
0.258555841389
0.265908782566
0.267364951883
0.265908782566
0.281620937
0.26568039078
0.265908782566
0.265908782566
0.280614664918
0.267487643592
0.26568039078
0.267487643592
0.265908782566
0.280614664918
0.294494189675
0.265908782566
0.280042075973
0.265908782566
0.283527003554
0.280614664918
0.26568039078
0.265908782566
0.26917532873
0.264474770963
0.265908782566
0.265908782566
0.283527003554
0.260070553407
0.283527003554
0.265908782566
0.265908782566
0.267364951883
0.258695277317
0.265908782566
0.282070834236
0.266481371511
0.280636822633
0.283527003554
0.26568039078
0.237069606805
0.251775489158
0.265908782566
0.25301327706
0.25301327706
0.224130036693
0.23459932487
0.241450111543
0.226968000384
0.236120151946
0.235108185988
0.235314324944
0.25139754996
0.240946299303
0.242632835984
0.233300933176
0.265908782566
0.28181455278
0.264474770963
0.25643722927
0.270340950678
0.293060178072
0.278995869793
0.249992659804
0.280371140815
0.244422547982
0.256773012035
0.264125953211
0.271010718675
0.26523122503
0.278379672584
0.230362587227
0.236866591885
0.25836338554
0.236866591885
0.258555841389
0.2446669525
0.250999885292
0.26568039078
0.286364183853
0.265908782566
0.25836338554
0.258555841389
0.265017385197
0.25836338554
0.258555841389
0.258555841389
0.26568039078
0.265908782566
0.237069606805
0.258555841389
0.250999885292
0.244495880634
0.249985777161
0.244495880634
0.224083509345
0.24271305128
0.222225900797
0.249655799459
0.250677120624
0.24271305128
0.237282375386
0.25836338554
0.241279039677
0.250999885292
0.257181125282
0.264246379177
0.251202900213
0.134219399675
0.107847341985
0.103399766457
0.072799345206
0.120702710874
0.131177544235
0.171058938674
0.211617405044
0.215773270145
0.233776922961
0.240873047964
0.235314324944
0.247783044335
0.250999885292
0.250999885292
0.250999885292
0.252807138104
0.250999885292
0.250999885292
0.252807138104
0.236866591885
0.250999885292
0.230533659093
0.251202900213
0.250999885292
0.2446669525
0.228579757872
0.250999885292
0.246376752856
0.236866591885
0.251202900213
0.249217055937
0.251202900213
0.237069606805
0.233503948096
0.243061869031
0.250999885292
0.244422547982
0.230362587227
0.265908782566
0.246203048501
0.250999885292
0.250999885292
0.26568039078
0.265908782566
0.250999885292
0.279813684187
0.241279039677
0.25927471982
0.271062667344
0.223912437479
0.256773012035
0.271062667344
0.269628655742
0.237282375386
0.25836338554
0.281422683543
0.279813684187
0.287219008691
0.251547097373
0.26568039078
0.285698328599
0.279813684187
0.285698328599
0.272496678947
0.281422683543
0.251342336141
0.255339000432
0.262691941608
0.272496678947
0.244495880634
0.277244603957
0.272496678947
0.271821214681
0.248299240479
0.279813684187
0.272496678947
0.279813684187
0.279813684187
0.272689134796
0.272496678947
0.264712274047
0.257110326552
0.272496678947
0.272496678947
0.276945660982
0.264246379177
0.279813684187
0.278379672584
0.25836338554
0.28371000048
0.271062667344
0.28493017225
0.24271305128
0.269821111591
0.278387323104
0.271062667344
0.25836338554
0.25836338554
0.25836338554
0.275577000405
0.279813684187
0.279813684187
0.272496678947
0.274398935152
0.26568039078
0.279813684187
0.272230890445
0.2812673407
0.279813684187
0.279813684187
0.279813684187
0.260070553407
0.25836338554
0.247981438664
0.265908782566
0.256773012035
0.244422547982
0.272496678947
0.269821111591
0.255339000432
0.26568039078
0.271062667344
0.281620937
0.262463549823
0.280042075973
0.28149824529
0.280042075973
0.2812673407
0.283074593512
0.265908782566
0.268941300105
0.279833329097
0.278752913794
0.26568039078
0.278379672584
0.279813684187
0.264502318456
0.250999885292
0.272769835211
0.262463549823
0.256580556185
0.271062667344
0.226968000384
0.124660207482
0.110771318593
0.124660207482
0.163959027519
0.16602867399
0.177478084185
0.216854979948
0.242557514624
0.251361048183
0.258148283057
0.28630332584
0.256519698173
0.256580556185
0.244495880634
0.250999885292
0.244769036898
0.249217055937
0.237282375386
0.25836338554
0.255339000432
0.246203048501
0.250999885292
0.250999885292
0.280042075973
0.250999885292
0.279813684187
0.264246379177
0.279813684187
0.265133178699
0.279813684187
0.264246379177
0.280042075973
0.250999885292
0.265133178699
0.279813684187
0.279813684187
0.26533619362
0.26568039078
0.250999885292
0.26568039078
0.279813684187
0.265133178699
0.279813684187
0.279813684187
0.294494189675
0.294747958326
0.294747958326
0.272496678947
0.279813684187
0.279813684187
0.271255123194
0.271062667344
0.255339000432
0.251500489179
0.267487643592
0.281620937
0.267487643592
0.26568039078
0.271062667344
0.258636541804
0.264502318456
0.26568039078
0.265908782566
0.278752913794
0.255146544582
0.281620937
0.276945660982
0.279813684187
0.281620937
0.267487643592
0.244495880634
0.264474770963
0.228579757872
0.250999885292
0.263699167097
0.256580556185
0.257181125282
0.279813684187
0.271062667344
0.257551024807
0.263163259218
0.272496678947
0.287447400477
0.255799758971
0.263163259218
0.251149880291
0.264246379177
0.276945660982
0.263699167097
0.273980602173
0.272538503203
0.264125953211
0.272090022556
0.270340950678
0.250999885292
0.25678034885
0.249992659804
0.267719159413
0.263897561425
0.264246379177
0.270569342464
0.278379672584
0.263699167097
0.184134703379
0.110771318593
0.101054273223
0.127748391796
0.117142645735
0.161699327045
0.18126134506
0.209345335485
0.236319379804
0.251202900213
0.238084260111
0.265908782566
0.251202900213
0.264474770963
0.257338718337
0.242632835984
0.265908782566
0.265908782566
0.257551024807
0.264474770963
0.244495880634
0.267043516987
0.250999885292
0.250999885292
0.265908782566
0.265908782566
0.244495880634
0.258629174041
0.250999885292
0.25836338554
0.258800245908
0.244495880634
0.265133178699
0.250999885292
0.250999885292
0.250999885292
0.26568039078
0.265908782566
0.257754039728
0.249565873689
0.265908782566
0.265908782566
0.265908782566
0.265908782566
0.251202900213
0.250999885292
0.294494189675
0.292078359246
0.316088859316
0.314857535293
0.314925378058
0.322987541115
0.323651829865
0.328302033444
0.314857535293
0.300610859573
0.313471721545
0.328152227033
0.314857535293
0.314857535293
0.314857535293
0.328345869384
0.342592545104
0.333076725534
0.326691538606
0.328725040198
0.343740254899
0.316230688883
0.342592545104
0.352348552091
0.301448181748
0.294494189675
0.322987541115
0.308740865395
0.308740865395
0.291864519413
0.308740865395
0.299994525236
0.300610859573
0.238879983653
0.150026779399
0.114039292449
0.11402998697
0.128745174802
0.168279060238
0.242302858282
0.281296891511
0.296002773864
0.307306853792
0.307306853792
0.306871799203
0.306871799203
0.307542289231
0.314068532899
0.293313946723
0.272090022556
0.264125953211
0.264125953211
0.265908782566
0.265908782566
0.280042075973
0.280614664918
0.280614664918
0.251775489158
0.265908782566
0.280042075973
0.265908782566
0.288686484526
0.26568039078
0.270340950678
0.279813684187
0.26568039078
0.265908782566
0.265908782566
0.279813684187
0.265908782566
0.251775489158
0.265908782566
0.236866591885
0.251202900213
0.236866591885
0.237069606805
0.236866591885
0.250999885292
0.251202900213
0.280042075973
0.251202900213
0.265133178699
0.250999885292
0.235286777451
0.265908782566
0.265908782566
0.237069606805
0.250999885292
0.250999885292
0.280042075973
0.279813684187
0.26568039078
0.265908782566
0.280042075973
0.265908782566
0.280042075973
0.250999885292
0.250999885292
0.251202900213
0.250999885292
0.250999885292
0.283308622138
0.250999885292
0.26568039078
0.28149824529
0.280042075973
0.281620937
0.267364951883
0.283074593512
0.281620937
0.28185245282
0.272496678947
0.272496678947
0.252807138104
0.28149824529
0.274398935152
0.283074593512
0.280042075973
0.274398935152
0.265908782566
0.268941300105
0.280042075973
0.267719159413
0.26917532873
0.296204127643
0.308740865395
0.308740865395
0.351149975927
0.337668046603
0.338101876371
0.352348552091
0.352348552091
0.352653074472
0.352348552091
0.338406398752
0.352348552091
0.352348552091
0.352653074472
0.33563454501
0.352348552091
0.337668046603
0.352348552091
0.351454498308
0.351149975927
0.352348552091
0.337668046603
0.329355536211
0.347888918531
0.352348552091
0.336469470439
0.352348552091
0.352348552091
0.352348552091
0.338101876371
0.329355536211
0.352348552091
0.293060178072
0.342832732521
0.342832732521
0.329660058592
0.352348552091
0.329355536211
0.308740865395
0.13530786682
0.131314821113
0.121131156991
0.135611818137
0.165900528507
0.208448907052
0.265908782566
0.294494189675
0.347888918531
0.30774068356
0.314675030724
0.305523175134
0.338406398752
0.338101876371
0.333487558559
0.323700516399
0.323700516399
0.338101876371
0.308740865395
0.311570381896
0.295681116746
0.295664611681
0.28164058191
0.264125953211
0.27860806437
0.249420070858
0.26379934469
0.285926720385
0.277174052767
0.288968080569
0.271255123194
0.271255123194
0.281615139392
0.262691941608
0.271255123194
0.28371000048
0.264125953211
0.28371000048
0.271255123194
0.28371000048
0.271255123194
0.277174052767
0.277174052767
0.293313946723
0.285144012083
0.288968080569
0.272090022556
0.285144012083
0.30215328283
0.269821111591
0.255339000432
0.258555841389
0.285144012083
0.293313946723
0.303673962921
0.27860806437
0.263355715068
0.27860806437
0.251202900213
0.270708656244
0.278601162936
0.243232940897
0.27860806437
0.277174052767
0.27860806437
0.27860806437
0.288968080569
0.280042075973
0.274262198216
0.274262198216
0.272444730278
0.264474770963
0.277397823961
0.272689134796
0.244495880634
0.279813684187
0.251775489158
0.251775489158
0.249217055937
0.230533659093
0.229056760541
0.241450111543
0.259071704899
0.23441035159
0.226796928518
0.236866591885
0.237069606805
0.241450111543
0.25927471982
0.2446669525
0.25301327706
0.247783044335
0.241450111543
0.259484213806
0.241450111543
0.241450111543
0.243232940897
0.237069606805
0.252567700241
0.252738772107
0.251202900213
0.247986059255
0.250999885292
0.244495880634
0.237282375386
0.228750829738
0.236866591885
0.251202900213
0.230362587227
0.237069606805
0.237069606805
0.259071704899
0.251202900213
0.245801686922
0.251202900213
0.237069606805
0.265908782566
0.231377240532
0.245630615056
0.25836338554
0.265908782566
0.280042075973
0.25836338554
0.250999885292
0.255146544582
0.258555841389
0.251342336141
0.255146544582
0.256773012035
0.255339000432
0.26356340039
0.26387466605
0.257110326552
0.265106980904
0.266435205147
0.281422683543
0.255339000432
0.283268209293
0.293313946723
0.267487643592
0.251579265457
0.265724459148
0.248299240479
0.24050608219
0.271335823609
0.242884123146
0.244230092132
0.265908782566
0.265908782566
0.25836338554
0.294747958326
0.250999885292
0.237069606805
0.279813684187
0.250999885292
0.266815125202
0.26568039078
0.294494189675
0.258555841389
0.266815125202
0.26568039078
0.265908782566
0.2446669525
0.265908782566
0.267043516987
0.265908782566
0.26568039078
0.250999885292
0.250999885292
0.252134619714
0.265908782566
0.247783044335
0.267043516987
0.250999885292
0.270002499863
0.252337634635
0.252337634635
0.265133178699
0.266387994238
0.250999885292
0.265133178699
0.266387994238
0.26568039078
0.26568039078
0.280614664918
0.265908782566
0.271010718675
0.265908782566
0.294747958326
0.264125953211
0.27860806437
0.265908782566
0.247986059255
0.249565873689
0.224941322712
0.254614390917
0.246203048501
0.244495880634
0.244495880634
0.244495880634
0.244495880634
0.244495880634
0.294747958326
0.294747958326
0.244495880634
0.279813684187
0.264246379177
0.279813684187
0.293060178072
0.249565873689
0.249295754313
0.293060178072
0.243061869031
0.243061869031
0.25836338554
0.243061869031
0.249565873689
0.249565873689
0.235595838704
0.243061869031
0.256929373937
0.243989394964
0.163959027519
0.142363304258
0.163530437974
0.213913781907
0.224051217838
0.262691941608
0.265908782566
0.237069606805
0.280614664918
0.280614664918
0.264474770963
0.250999885292
0.23508376253
0.265908782566
0.247783044335
0.249565873689
0.250999885292
0.249565873689
0.257121829786
0.252561750678
0.258555841389
0.222363724452
0.265908782566
0.250999885292
0.26568039078
0.244230092132
0.236866591885
0.251547097373
0.25836338554
0.26568039078
0.236866591885
0.23508376253
0.252134619714
0.249565873689
0.244495880634
0.249565873689
0.247986059255
0.12087179859
0.153093260655
0.130073998936
0.165404523086
0.175704450075
0.221580400898
0.238084260111
0.264125953211
0.265908782566
0.247986059255
0.264125953211
0.257338718337
0.280042075973
0.294747958326
0.280042075973
0.294747958326
0.26568039078
0.265908782566
0.274064405819
0.296204127643
0.260336341909
0.287737337443
0.287737337443
0.28164058191
0.272496678947
0.272496678947
0.272496678947
0.273751494485
0.25988398958
0.265133178699
0.273751494485
0.258629174041
0.273751494485
0.273751494485
0.259690575811
0.245630615056
0.295749005213
0.281068499725
0.252134619714
0.272496678947
0.272496678947
0.28149563069
0.250999885292
0.245630615056
0.265133178699
0.273943950335
0.265133178699
0.264213811244
0.265580670744
0.272496678947
0.272496678947
0.273751494485
0.273751494485
0.273751494485
0.259498119962
0.295749005213
0.287618999391
0.287618999391
0.286364183853
0.266815125202
0.281068499725
0.266387994238
0.266815125202
0.266815125202
0.272496678947
0.258629174041
0.243061869031
0.244495880634
0.265133178699
0.272496678947
0.293313946723
0.250999885292
0.250999885292
0.250999885292
0.26568039078
0.265908782566
0.272496678947
0.244495880634
0.295947846188
0.286364183853
0.294747958326
0.286578023685
0.286364183853
0.286364183853
0.286364183853
0.294747958326
0.28493017225
0.286364183853
0.294747958326
0.272496678947
0.286364183853
0.250999885292
0.192269362599
0.114364678738
0.134809177481
0.117288655346
0.157851776714
0.190394474091
0.234488306391
0.238084260111
0.265908782566
0.267364951883
0.264125953211
0.267364951883
0.278831835564
0.264125953211
0.278831835564
0.267364951883
0.272444730278
0.294747958326
0.293313946723
0.296204127643
0.265908782566
0.285144012083
0.280288004882
0.280288004882
0.294770116041
0.296204127643
0.294747958326
0.293313946723
0.294747958326
0.293313946723
0.293060178072
0.286578023685
0.280614664918
0.280042075973
0.272496678947
0.294747958326
0.294747958326
0.272496678947
0.272496678947
0.272496678947
0.286364183853
0.272496678947
0.286743354667
0.279813684187
0.279813684187
0.265133178699
0.281068499725
0.266815125202
0.295749005213
0.279813684187
0.279813684187
0.286364183853
0.272496678947
0.272496678947
0.272496678947
0.273751494485
0.274203846814
0.286364183853
0.274203846814
0.272305299048
0.273943950335
0.287618999391
0.279760476694
0.264914525055
0.278403917714
0.255339000432
0.28493017225
0.259407310969
0.278251458392
0.280380541178
0.265704814238
0.264270802635
0.284869314238
0.255146544582
0.287737337443
0.294513834585
0.272769835211
0.294513834585
0.292248828265
0.255146544582
0.293769508357
0.293769508357
0.295290188448
0.282921427159
0.26454462553
0.286364183853
0.293769508357
0.272444730278
0.277030764124
0.28493017225
0.295504028281
0.295504028281
0.295142661947
0.295290188448
0.286364183853
0.278601162936
0.286364183853
0.286578023685
0.295290188448
0.295290188448
0.278601162936
0.287737337443
0.286364183853
0.310397901733
0.286364183853
0.298741793381
0.288992152981
0.302102241766
0.318527907555
0.287737337443
0.286364183853
0.299684629862
0.272230890445
0.273752210387
0.303673962921
0.294494189675
0.290238432399
0.273752210387
0.273752210387
0.281422683543
0.286711284991
0.288739688783
0.283205568658
0.281422683543
0.282921427159
0.272230890445
0.279622304288
0.287737337443
0.25836338554
0.245630615056
0.259690575811
0.28174939934
0.273751494485
0.295749005213
0.287618999391
0.28149563069
0.296002773864
0.280614664918
0.28149563069
0.280614664918
0.295253699679
0.259690575811
0.258051924524
0.272305299048
0.25836338554
0.287618999391
0.290238432399
0.281068499725
0.273752210387
0.273751494485
0.256929373937
0.272230890445
0.273752210387
0.274270298928
0.266435205147
0.266627660996
0.281422683543
0.271062667344
0.269628655742
0.266824401154
0.265368929764
0.256929373937
0.272037171946
0.25836338554
0.28493017225
0.288739688783
0.28493017225
0.285698328599
0.294494189675
0.295947846188
0.294494189675
0.294494189675
0.279813684187
0.293060178072
0.282070834236
0.294747958326
0.294513834585
0.295947846188
0.280380541178
0.293060178072
0.294494189675
0.294494189675
0.307560622443
0.295947846188
0.294770116041
0.294747958326
0.280360896268
0.295947846188
0.294513834585
0.294513834585
0.283527003554
0.293060178072
0.280380541178
0.28493017225
0.28493017225
0.304873850783
0.282070834236
0.295947846188
0.294513834585
0.295947846188
0.294494189675
0.278578066913
0.294494189675
0.295947846188
0.295947846188
0.287953294707
0.294494189675
0.294747958326
0.293060178072
0.294494189675
0.310450803363
0.294513834585
0.301984013163
0.293060178072
0.294513834585
0.221987104063
0.14593996756
0.145918033799
0.11068578266
0.120235989641
0.134872434768
0.147857953481
0.131177544235
0.138464148241
0.130417140168
0.124914464067
0.114481430005
0.0949985694921
0.130599321159
0.130417140168
0.147967072218
0.107847341985
0.114050040503
0.158094012242
0.211731771664
0.231548312398
0.251713165838
0.244495880634
0.25836338554
0.258555841389
0.25836338554
0.265529071489
0.244422547982
0.286364183853
0.294747958326
0.303673962921
0.288686484526
0.294747958326
0.286364183853
0.294494189675
0.286364183853
0.286578023685
0.294494189675
0.294747958326
0.303420194271
0.294494189675
0.286578023685
0.295504028281
0.294747958326
0.286578023685
0.294747958326
0.286578023685
0.294494189675
0.294747958326
0.286578023685
0.295947846188
0.272444730278
0.273604044036
0.287995792771
0.271821214681
0.270661900923
0.280516549885
0.272230890445
0.251342336141
0.28493017225
0.259931112411
0.286578023685
0.294747958326
0.258800245908
0.258555841389
0.286364183853
0.272444730278
0.258555841389
0.272444730278
0.256773012035
0.2446669525
0.272230890445
0.286578023685
0.271595248983
0.26533619362
0.250999885292
0.265133178699
0.250999885292
0.263699167097
0.265133178699
0.251202900213
0.250999885292
0.250999885292
0.248890447416
0.250999885292
0.250999885292
0.262265155494
0.250999885292
0.250999885292
0.265133178699
0.26568039078
0.250999885292
0.279813684187
0.252337634635
0.236866591885
0.266815125202
0.266815125202
0.273365624867
0.28174939934
0.28149563069
0.280614664918
0.280614664918
0.286578023685
0.25927471982
0.28174939934
0.28149563069
0.28149563069
0.28174939934
0.28174939934
0.267043516987
0.265908782566
0.267043516987
0.283205568658
0.283205568658
0.282949287202
0.28174939934
0.28174939934
0.280360896268
0.28174939934
0.280303203903
0.278505227043
0.283205568658
0.267364951883
0.278251458392
0.293336104438
0.280614664918
0.280049435252
0.278251458392
0.265378205717
0.28149563069
0.294747958326
0.265908782566
0.294747958326
0.303673962921
0.280042075973
0.280614664918
0.288432715875
0.27510752989
0.28149563069
0.288968080569
0.265908782566
0.273980602173
0.26533619362
0.28149563069
0.280042075973
0.294494189675
0.288686484526
0.280302710053
0.2735794647
0.280516549885
0.280302710053
0.272090022556
0.27714405531
0.259690575811
0.285144012083
0.287165804434
0.266435205147
0.273427249975
0.27510752989
0.289788035377
0.2446669525
0.26379934469
0.250677120624
0.242386442758
0.256446403513
0.259498119962
0.242386442758
0.263216401288
0.255339000432
0.266627660996
0.290041804028
0.26568039078
0.27510752989
0.256929373937
0.270340950678
0.250479115658
0.255339000432
0.256983120316
0.25836338554
0.264346620564
0.256446403513
0.278427965302
0.267790524649
0.271892017589
0.244495880634
0.141742870151
0.117203119413
0.134809177481
0.14861311824
0.146426562309
0.110771318593
0.110771318593
0.107847341985
0.146438294443
0.136430054913
0.118131865943
0.130773879298
0.127370062697
0.127918875858
0.143962887825
0.111025575178
0.134399235444
0.173334359542
0.15707538012
0.174926246514
0.206666077697
0.226968000384
0.226796928518
0.245630615056
0.248890447416
0.249093462337
0.248890447416
0.266591009158
0.252134619714
0.250999885292
0.266387994238
0.244495880634
0.242386442758
0.266387994238
0.250999885292
0.245630615056
0.252134619714
0.252807138104
0.250999885292
0.264246379177
0.242557514624
0.248890447416
0.265908782566
0.2649417988
0.252134619714
0.281068499725
0.259498119962
0.281296891511
0.273751494485
0.259498119962
0.259690575811
0.267790524649
0.280360896268
0.290041804028
0.28174939934
0.273365624867
0.28174939934
0.28149563069
0.27510752989
0.265908782566
0.258555841389
0.267043516987
0.2735794647
0.273365624867
0.265908782566
0.28149563069
0.296002773864
0.267043516987
0.272444730278
0.259498119962
0.281068499725
0.266815125202
0.267043516987
0.28174939934
0.271892017589
0.266815125202
0.258244380373
0.265106980904
0.256253947664
0.266627660996
0.259690575811
0.263023945438
0.256446403513
0.256446403513
0.259690575811
0.241279039677
0.252134619714
0.265106980904
0.255146544582
0.252014348044
0.265908782566
0.255339000432
0.245801686922
0.26568039078
0.252337634635
0.270661900923
0.258437794142
0.259498119962
0.242386442758
0.234974773834
0.24030306727
0.236883445534
0.229579263672
0.236298683238
0.238084260111
0.252134619714
0.267043516987
0.23788124519
0.261764861802
0.260055061446
0.266591009158
0.252337634635
0.266387994238
0.266387994238
0.261591157447
0.26514481372
0.244355491484
0.249565873689
0.217509735627
0.213079111495
0.222396972663
0.230362587227
0.272689134796
0.272444730278
0.265908782566
0.244495880634
0.265908782566
0.265908782566
0.267719159413
0.237069606805
0.264502318456
0.264270802635
0.264270802635
0.264270802635
0.280360896268
0.280360896268
0.250999885292
0.294494189675
0.258629174041
0.265133178699
0.279813684187
0.250999885292
0.250999885292
0.26568039078
0.250999885292
0.250999885292
0.26568039078
0.252134619714
0.279813684187
0.279813684187
0.279813684187
0.294494189675
0.294747958326
0.294494189675
0.294494189675
0.294494189675
0.294494189675
0.280360896268
0.294747958326
0.265908782566
0.305172706538
0.296002773864
0.297202661726
0.305172706538
0.294747958326
0.290041804028
0.2735794647
0.28149563069
0.287832839224
0.295749005213
0.28174939934
0.287618999391
0.28174939934
0.296002773864
0.308740865395
0.28181455278
0.310194521908
0.295749005213
0.295749005213
0.294494189675
0.295749005213
0.295749005213
0.290041804028
0.296002773864
0.266815125202
0.266815125202
0.296002773864
0.28149563069
0.295749005213
0.298915112499
0.279813684187
0.294494189675
0.296002773864
0.297202661726
0.295749005213
0.29551401642
0.281068499725
0.294494189675
0.294747958326
0.295947846188
0.281068499725
0.297202661726
0.297202661726
0.295947846188
0.288450522534
0.272496678947
0.273751494485
0.295967491098
0.295947846188
0.286364183853
0.272496678947
0.278379672584
0.272496678947
0.286172803953
0.25836338554
0.287618999391
0.297458943182
0.272496678947
0.273751494485
0.258051924524
0.258051924524
0.27085910361
0.273943950335
0.279622304288
0.27085910361
0.272305299048
0.27714405531
0.27817610885
0.296002773864
0.287832839224
0.287396359413
0.272497754897
0.290041804028
0.296788932065
0.278214125469
0.280302710053
0.293932307125
0.304918937887
0.295749005213
0.305172706538
0.305172706538
0.287832839224
0.281871869388
0.305172706538
0.286386643786
0.286172803953
0.242557514624
0.175866229793
0.170964269009
0.170097696388
0.229579263672
0.256253947664
0.259690575811
0.259498119962
0.28174939934
0.285144012083
0.293983348189
0.28493017225
0.271062667344
0.276945660982
0.28493017225
0.271062667344
0.284940448348
0.2735794647
0.284940448348
0.284940448348
0.299545604294
0.27714405531
0.273752210387
0.283496160647
0.307461770284
0.328295003015
0.358053001845
0.366661299037
0.358633555621
0.342541678735
0.345237159337
0.368182917452
0.344047728301
0.368295096878
0.364716342078
0.366984341288
0.353845456528
0.352941219248
0.324729342404
0.381294414134
0.334140335322
0.35385164987
0.380412070151
0.324729342404
0.35385164987
0.35263665409
0.35263665409
0.351732459586
0.35294955562
0.363666065854
0.350278724902
0.337930771737
0.334653724902
0.336122736047
0.347136871351
0.322320694881
0.289866649682
0.294566552306
0.178700645126
0.132124549391
0.165084032596
0.171416366261
0.176052540732
0.17382675973
0.175546848046
0.166538362767
0.12816105394
0.175924079043
0.131434727776
0.121243693459
0.130309932728
0.150378150243
0.150530411434
0.131632641844
0.13501828367
0.137156701929
0.133685114024
0.102941176471
0.106330643115
0.132226056851
0.161485560367
0.176318327045
0.191024209398
0.193410645577
0.191024209398
0.193410645577
0.205704714886
0.191024209398
0.221580400898
0.221402762842
0.222192473186
0.216376066481
0.220385220374
0.205704714886
0.190572112146
0.190998832533
0.205177268092
0.211617405044
0.219782424038
0.192834586245
0.193410645577
0.240122580564
0.228518937853
0.199308625961
0.21765942351
0.21765942351
0.239707242393
0.242386442758
0.227781286812
0.217509735627
0.226477418713
0.247511487278
0.247147001643
0.261400376167
0.247337782923
0.261591157447
0.247337782923
0.25359403806
0.247511487278
0.289208110246
0.276792090993
0.263570952904
0.262463549823
0.23428529147
0.2433788535
0.2433788535
0.231274255504
0.276392613934
0.297458943182
0.273126067769
0.289031837984
0.259426218488
0.259654610273
0.258466885532
0.244745713
0.25678034885
0.236866591885
0.230619457058
0.250688424276
0.230533659093
0.235925816406
0.244184419618
0.250934809597
0.243832638196
0.259602399307
0.263039407594
0.243832638196
0.257892598951
0.250891439197
0.267043516987
0.296002773864
0.27039234877
0.281296891511
0.286465090623
0.281068499725
0.281296891511
0.259602399307
0.287761914808
0.274207555253
0.27565375069
0.275319221357
0.276831815943
0.262775647189
0.281068499725
0.267043516987
0.28174939934
0.276111932048
0.287832839224
0.290365306572
0.261205287829
0.281068499725
0.294556578426
0.263570952904
0.292856614338
0.248890447416
0.27510752989
0.267043516987
0.258059358988
0.298656318239
0.298656318239
0.266815125202
0.270076034527
0.270076034527
0.284563437676
0.276158585309
0.282522156238
0.281296891511
0.266815125202
0.259426218488
0.290466824185
0.270076034527
0.284329409051
0.277272831262
0.270076034527
0.296002773864
0.259498119962
0.298656318239
0.275458662353
0.284563437676
0.289208110246
0.284563437676
0.284563437676
0.275458662353
0.284329409051
0.277029021713
0.270310063152
0.289208110246
0.281296891511
0.260871273552
0.266591009158
0.279850696073
0.247337782923
0.254823653907
0.246203048501
0.252134619714
0.244495880634
0.244495880634
0.287953294707
0.2738200013
0.261400376167
0.271710563424
0.273156758862
0.274012466915
0.284940448348
0.271051559459
0.272497754897
0.286386643786
0.272305299048
0.264406267093
0.256446403513
0.271051559459
0.274207555253
0.279662015482
0.257892598951
0.259690575811
0.271530816484
0.252301669097
0.287761914808
0.257892598951
0.27085910361
0.27565375069
0.256446403513
0.273751494485
0.302301559459
0.273751494485
0.273751494485
0.284940448348
0.27085910361
0.284726608516
0.27085910361
0.257700143102
0.281296891511
0.27085910361
0.292856614338
0.256253947664
0.27085910361
0.27085910361
0.272487462139
0.249093462337
0.294556578426
0.257892598951
0.27085910361
0.256580556185
0.293313946723
0.293110382989
0.267043516987
0.294747958326
0.294494189675
0.25836338554
0.273943950335
0.284726608516
0.281068499725
0.296002773864
0.245630615056
0.26568039078
0.282522156238
0.244495880634
0.28181455278
0.252807138104
0.267487643592
0.26568039078
0.265908782566
0.267719159413
0.275559463199
0.295947846188
0.283205568658
0.259071704899
0.252807138104
0.252337634635
0.26568039078
0.272230890445
0.266815125202
0.258555841389
0.25836338554
0.258629174041
0.244495880634
0.244495880634
0.294494189675
0.286578023685
0.25836338554
0.260070553407
0.25836338554
0.243832638196
0.250999885292
0.262691941608
0.26568039078
0.233503948096
0.251775489158
0.251202900213
0.251202900213
0.252337634635
0.254614390917
0.244230092132
0.265908782566
0.250999885292
0.241705013805
0.244495880634
0.268622378014
0.250999885292
0.242447262778
0.268941300105
0.295947846188
0.294747958326
0.294792273755
0.28181455278
0.283107268358
0.309433565413
0.280042075973
0.282875752538
0.310116725383
0.294747958326
0.294494189675
0.294494189675
0.294747958326
0.296002773864
0.296002773864
0.296002773864
0.295947846188
0.296002773864
0.236866591885
0.169417081853
0.148744719667
0.209104575435
0.23608326833
0.28181455278
0.26568039078
0.26568039078
0.26917532873
0.282070834236
0.294513834585
0.283268209293
0.28181455278
0.27714405531
0.293079822982
0.294533479495
0.28181455278
0.283268209293
0.294494189675
0.28181455278
0.278597711823
0.295967491098
0.283496160647
0.293079822982
0.28493017225
0.289886372388
0.287167967627
0.292248828265
0.270340950678
0.297210122801
0.293079822982
0.266435205147
0.256253947664
0.259498119962
0.260427024402
0.27012145257
0.244184419618
0.259426218488
0.267790524649
0.267790524649
0.266815125202
0.28149563069
0.282949287202
0.266815125202
0.284402943715
0.268622378014
0.282949287202
0.282949287202
0.282949287202
0.294302809776
0.278251458392
0.263646302446
0.263646302446
0.297210122801
0.279705114905
0.293060178072
0.255516296624
0.289788035377
0.289031837984
0.286344131292
0.259112250344
0.29124169189
0.282949287202
0.304837362014
0.28149563069
0.289788035377
0.304918937887
0.266387994238
0.265983457482
0.269014049488
0.273365624867
0.273751494485
0.230362587227
0.296788932065
0.259498119962
0.265976718153
0.257528113316
0.280302710053
0.227781286812
0.27012145257
0.281744174199
0.278578066913
0.251775489158
0.267043516987
0.252561750678
0.2735794647
0.23788124519
0.252790142464
0.266481371511
0.280614664918
0.259112250344
0.295749005213
0.280614664918
0.260205019166
0.280360896268
0.280614664918
0.280614664918
0.280360896268
0.297202661726
0.26819524705
0.297202661726
0.295947846188
0.295749005213
0.281068499725
0.295756466288
0.279622304288
0.279622304288
0.26819524705
0.297202661726
0.28572854239
0.300610859573
0.324038721359
0.308740865395
0.300231688758
0.314478364478
0.293060178072
0.309194340073
0.295947846188
0.290730679733
0.301984013163
0.286578023685
0.28371000048
0.286364183853
0.293740694256
0.286364183853
0.286364183853
0.28572854239
0.286364183853
0.286578023685
0.286364183853
0.287618999391
0.279448175649
0.280360896268
0.250999885292
0.251775489158
0.266815125202
0.279813684187
0.286364183853
0.287618999391
0.295749005213
0.271567648007
0.28149563069
0.28149563069
0.28149563069
0.295756466288
0.295947846188
0.268747684324
0.265879661119
0.294995509794
0.297321269232
0.298656318239
0.28174939934
0.28149563069
0.296002773864
0.295749005213
0.28149563069
0.28174939934
0.28174939934
0.252337634635
0.28149563069
0.28174939934
0.28149563069
0.28149563069
0.28174939934
0.2735794647
0.28149563069
0.272729983405
0.28149563069
0.28174939934
0.282949287202
0.268268781715
0.28174939934
0.28174939934
0.28149563069
0.266831862229
0.250697700229
0.279705114905
0.28149563069
0.252134619714
0.28149563069
0.259498119962
0.266815125202
0.273751494485
0.266387994238
0.236866591885
0.244495880634
0.245630615056
0.230362587227
0.230362587227
0.230362587227
0.244495880634
0.229854074057
0.230362587227
0.232069755094
0.250868951495
0.263646302446
0.236092544283
0.247783044335
0.233503948096
0.230362587227
0.252134619714
0.255660445191
0.2433788535
0.217509735627
0.229574912741
0.250999885292
0.252807138104
0.238673844697
0.252807138104
0.249590297147
0.251373126502
0.249565873689
0.238879983653
0.233300933176
0.237069606805
0.244084226503
0.253354350185
0.260274138344
0.245593632856
0.238879983653
0.266920302879
0.238879983653
0.237069606805
0.267487643592
0.282070834236
0.28181455278
0.258555841389
0.28181455278
0.238673844697
0.238126632617
0.267982980499
0.297458943182
0.251883604801
0.238673844697
0.275349832886
0.245630615056
0.243987367464
0.271595248983
0.170964269009
0.111052202731
0.12413036667
0.128171801993
0.161815561187
0.21765942351
0.217515270126
0.230362587227
0.2446669525
0.258097597038
0.259498119962
0.280360896268
0.280360896268
0.280360896268
0.250697700229
0.28181455278
0.252134619714
0.26570003569
0.239688498003
0.255749125339
0.252143895666
0.260144962009
0.260024423308
0.250652313293
0.266940431512
0.250652313293
0.25988398958
0.25988398958
0.273365624867
0.267790524649
0.267790524649
0.27012145257
0.267555178637
0.241279039677
0.301913677713
0.351691976861
0.355060452309
0.351444357587
0.366059697031
0.359610462229
0.360819221891
0.352941262025
0.329168283654
0.356142522295
0.341829775348
0.356142522295
0.369946463055
0.359671512096
0.365462722874
0.380372443978
0.370871351821
0.390604355513
0.367045477195
0.34177364825
0.383750403814
0.365632087086
0.358053001845
0.343212364572
0.34579776157
0.357023789894
0.382721191863
0.365757104534
0.379333048529
0.357023789894
0.355113310344
0.38054180819
0.350122736637
0.343037787145
0.327969707491
0.259112250344
0.173334359542
0.161815561187
0.169388462057
0.197639533626
0.201844253861
0.211052433823
0.231377240532
0.217509735627
0.216593750016
0.217509735627
0.211052433823
0.210902745941
0.230533659093
0.241450111543
0.242386442758
0.252053474205
0.246016484674
0.219782424038
0.230362587227
0.245296121892
0.231377240532
0.258555841389
0.247337782923
0.273365624867
0.231548312398
0.261205287829
0.244495880634
0.244422547982
0.230533659093
0.244422547982
0.244230092132
0.259326090176
0.233503948096
0.233300933176
0.253231658476
0.249435095176
0.23508376253
0.262463549823
0.228579757872
0.227952358679
0.23508376253
0.236891015343
0.252807138104
0.237899797095
0.279983361663
0.265302856175
0.294494189675
0.352653117249
0.324441197628
0.311570381896
0.324441197628
0.352890553025
0.324441197628
0.311570381896
0.311570381896
0.310124186458
0.325938102065
0.325938102065
0.308740865395
0.219680135524
0.140597299532
0.16646918536
0.140724413245
0.161771012977
0.163906245348
0.133352696379
0.126399137469
0.205076541685
0.266470804855
0.294792273755
0.294513834585
0.27085910361
0.293336104438
0.28630332584
0.27817610885
0.295756466288
0.310361622234
0.310116725383
0.304889665723
0.311570381896
0.310361622234
0.301984013163
0.310194521908
0.308740865395
0.311570381896
0.31164817842
0.313024038408
0.297202661726
0.321543306524
0.297202661726
0.313024038408
0.311570381896
0.297202661726
0.313024038408
0.304918937887
0.3063725944
0.295756466288
0.284869314238
0.283527003554
0.294513834585
0.28181455278
0.28181455278
0.28181455278
0.293110382989
0.288432715875
0.282070834236
0.28181455278
0.282092991951
0.294513834585
0.294494189675
0.278597711823
0.296204127643
0.282070834236
0.277247148338
0.283268209293
0.28181455278
0.282070834236
0.28181455278
0.267487643592
0.267487643592
0.267043516987
0.28181455278
0.267719159413
0.26917532873
0.2752058669
0.267134047293
0.26917532873
0.277013119712
0.273752210387
0.237069606805
0.273752210387
0.26568039078
0.2752058669
0.288739688783
0.26568039078
0.26568039078
0.265908782566
0.2752058669
0.245797819004
0.267487643592
0.265908782566
0.304873850783
0.266435205147
0.290193345296
0.304873850783
0.304873850783
0.295947846188
0.289886372388
0.303420194271
0.262025641316
0.2913400289
0.28181455278
0.272230890445
0.289886372388
0.283205568658
0.27543677149
0.268622378014
0.267487643592
0.253000753885
0.264270802635
0.256253947664
0.248890447416
0.263570952904
0.256253947664
0.256253947664
0.27012145257
0.256253947664
0.278505227043
0.305130132239
0.28709540189
0.286364183853
0.281658029555
0.280360896268
0.2738200013
0.287737337443
0.288686484526
0.274898893992
0.295504028281
0.286578023685
0.295504028281
0.280516549885
0.230399116682
0.138357228325
0.163794175355
0.114459758498
0.200174580901
0.310361622234
0.315032112719
0.324729342404
0.316518833659
0.324566031213
0.310124186458
0.330160894769
0.310116725383
0.303359873151
0.314857535293
0.300540524123
0.317811190455
0.308670529945
0.292856614338
0.318888047325
0.307461770284
0.308907965722
0.300777959899
0.287618999391
0.294302809776
0.294302809776
0.307461770284
0.295756466288
0.284726608516
0.292856614338
0.294302809776
0.278251458392
0.295756466288
0.294310270851
0.294302809776
0.295749005213
0.298656318239
0.298656318239
0.294310270851
0.271567648007
0.241450111543
0.255146544582
0.269014049488
0.280360896268
0.242386442758
0.248965796958
0.247783044335
0.250020207296
0.280360896268
0.269014049488
0.2974015027
0.280614664918
0.264125953211
0.265704814238
0.264270802635
0.26568039078
0.28181455278
0.26917532873
0.265908782566
0.268941300105
0.258993123777
0.25836338554
0.273752210387
0.258993123777
0.258555841389
0.266435205147
0.270569342464
0.233970134478
0.249156440533
0.237580221845
0.236866591885
0.237751293711
0.245630615056
0.244495880634
0.245801686922
0.245630615056
0.247337782923
0.238412780208
0.243061869031
0.242386442758
0.242386442758
0.250677120624
0.247783044335
0.244495880634
0.249565873689
0.248890447416
0.156359113063
0.154401240292
0.166146316555
0.11402998697
0.175576146176
0.280516549885
0.288739688783
0.279813684187
0.280042075973
0.290466824185
0.296002773864
0.289788035377
0.310116725383
0.281068499725
0.295749005213
0.304918937887
0.295749005213
0.297202661726
0.295749005213
0.295749005213
0.304918937887
0.304918937887
0.266815125202
0.26819524705
0.266815125202
0.265133178699
0.28572854239
0.295947846188
0.283074593512
0.294494189675
0.293313946723
0.294747958326
0.28174939934
0.28164058191
0.293336104438
0.280360896268
0.294494189675
0.26568039078
0.26568039078
0.27510752989
0.265908782566
0.252134619714
0.265908782566
0.252134619714
0.244084226503
0.273980602173
0.253941872526
0.26568039078
0.28149563069
0.252134619714
0.252134619714
0.267043516987
0.266815125202
0.252134619714
0.252134619714
0.252134619714
0.252134619714
0.245630615056
0.252387787358
0.245630615056
0.245630615056
0.245630615056
0.252134619714
0.252134619714
0.253923019744
0.252134619714
0.245630615056
0.245630615056
0.245630615056
0.252134619714
0.253923019744
0.252134619714
0.253923019744
0.245630615056
0.256983120316
0.25988398958
0.266387994238
0.253923019744
0.252014348044
0.245630615056
0.266387994238
0.245630615056
0.273751494485
0.25988398958
0.260427024402
0.273751494485
0.266387994238
0.269053922253
0.242386442758
0.248890447416
0.27817610885
0.263570952904
0.27319885819
0.267790524649
0.265881852949
0.253923019744
0.253923019744
0.245630615056
0.274022694525
0.266435205147
0.258518352702
0.258518352702
0.260427024402
0.256983120316
0.260427024402
0.260427024402
0.269053922253
0.253923019744
0.275557926911
0.275557926911
0.275557926911
0.275557926911
0.260427024402
0.281068499725
0.26819524705
0.26819524705
0.265302856175
0.263495603362
0.272305299048
0.265302856175
0.258698766571
0.256991598704
0.287618999391
0.251713165838
0.251713165838
0.269053922253
0.25988398958
0.26819524705
0.266940431512
0.26819524705
0.261591157447
0.282875752538
0.309174695163
0.270002499863
0.266940431512
0.281068499725
0.26819524705
0.282875752538
0.279983361663
0.280186925397
0.266387994238
0.272305299048
0.286172803953
0.292856614338
0.272305299048
0.292856614338
0.304918937887
0.25988398958
0.256991598704
0.288283608584
0.258437794142
0.27085910361
0.284726608516
0.256991598704
0.282875752538
0.282522156238
0.266749051612
0.2814295571
0.268747684324
0.295947846188
0.273751494485
0.26819524705
0.297202661726
0.267110108987
0.26819524705
0.282522156238
0.2649417988
0.287737337443
0.298776641946
0.173206055643
0.169372116411
0.146917310392
0.127758148312
0.15554681091
0.2000430779
0.23788124519
0.24030306727
0.275335921675
0.26568039078
0.28149563069
0.28149563069
0.305172706538
0.287832839224
0.287832839224
0.273751494485
0.25988398958
0.286172803953
0.286172803953
0.25988398958
0.279662015482
0.286172803953
0.256991598704
0.296788932065
0.287618999391
0.293060178072
0.287618999391
0.286172803953
0.287618999391
0.286172803953
0.295756466288
0.266749051612
0.27817610885
0.273678452638
0.271051559459
0.286099762106
0.286386643786
0.256991598704
0.286172803953
0.284726608516
0.263495603362
0.284726608516
0.284726608516
0.284940448348
0.286172803953
0.284940448348
0.284726608516
0.27085910361
0.300143501446
0.286099762106
0.272305299048
0.286386643786
0.27808131615
0.25988398958
0.296788932065
0.251713165838
0.287618999391
0.287618999391
0.286386643786
0.285144012083
0.28082132924
0.285661390287
0.28572854239
0.27085910361
0.295756466288
0.285537162491
0.284940448348
0.285144012083
0.281068499725
0.286172803953
0.25988398958
0.2649417988
0.279448175649
0.293313946723
0.277751681641
0.266940431512
0.258629174041
0.272496678947
0.25988398958
0.270002499863
0.282522156238
0.26819524705
0.26819524705
0.298656318239
0.270002499863
0.26819524705
0.266940431512
0.253941872526
0.266387994238
0.265133178699
0.265133178699
0.266387994238
0.281068499725
0.258629174041
0.26819524705
0.286172803953
0.245630615056
0.256991598704
0.263495603362
0.286364183853
0.286172803953
0.258437794142
0.263495603362
0.294310270851
0.265302856175
0.250697700229
0.250697700229
0.266749051612
0.265133178699
0.266387994238
0.286364183853
0.286364183853
0.294494189675
0.294747958326
0.267790524649
0.281068499725
0.273752210387
0.280336637002
0.267790524649
0.287618999391
0.263570952904
0.294566552306
0.287545957544
0.286099762106
0.27085910361
0.296012747744
0.257627101254
0.26379934469
0.273943950335
0.279662015482
0.271051559459
0.287618999391
0.295290188448
0.294310270851
0.265580670744
0.289031837984
0.298915112499
0.296012747744
0.294513834585
0.294310270851
0.294566552306
0.287618999391
0.292856614338
0.297458943182
0.27996139636
0.294566552306
0.294310270851
0.297202661726
0.3063725944
0.270335292402
0.27817610885
0.184708111447
0.145811113883
0.154484116117
0.124489723419
0.138379200112
0.178236320326
0.217871336022
0.216644770204
0.252134619714
0.258312413699
0.266481371511
0.260055061446
0.272444730278
0.273943950335
0.258629174041
0.287832839224
0.287953294707
0.286364183853
0.273604044036
0.286578023685
0.295967491098
0.28493017225
0.2974015027
0.286386643786
0.286386643786
0.287761914808
0.289208110246
0.287737337443
0.304918937887
0.288686484526
0.280360896268
0.295290188448
0.303673962921
0.286364183853
0.295947846188
0.26568039078
0.244495880634
0.244495880634
0.231377240532
0.252134619714
0.222186086397
0.260427024402
0.229579263672
0.260427024402
0.267518689868
0.23176311015
0.245630615056
0.229579263672
0.259071704899
0.273752210387
0.273752210387
0.273752210387
0.288739688783
0.26568039078
0.303420194271
0.290142653843
0.2974015027
0.294494189675
0.279813684187
0.28181455278
0.295947846188
0.2974015027
0.293079822982
0.295947846188
0.300610859573
0.286364183853
0.300610859573
0.309126886277
0.308740865395
0.286364183853
0.295290188448
0.295290188448
0.295504028281
0.286578023685
0.292103833323
0.287953294707
0.287737337443
0.300785437
0.294770116041
0.301984013163
0.291864519413
0.301984013163
0.293313946723
0.286364183853
0.293060178072
0.287953294707
0.278601162936
0.285144012083
0.285144012083
0.286578023685
0.293313946723
0.293060178072
0.293313946723
0.293060178072
0.286578023685
0.285144012083
0.30055000156
0.286519283105
0.295504028281
0.297002771897
0.304873850783
0.296204127643
0.303420194271
0.304873850783
0.305130132239
0.296204127643
0.286578023685
0.295290188448
0.303420194271
0.280360896268
0.266435205147
0.273752210387
0.280302710053
0.266435205147
0.288739688783
0.281422683543
0.272496678947
0.288739688783
0.281422683543
0.288739688783
0.288739688783
0.281422683543
0.288739688783
0.288739688783
0.267790524649
0.259071704899
0.272496678947
0.295290188448
0.290546941595
0.267134047293
0.253941872526
0.268268781715
0.267134047293
0.253941872526
0.253941872526
0.253941872526
0.253941872526
0.270076034527
0.252134619714
0.265017148342
0.253941872526
0.252143895666
0.28149563069
0.266387994238
0.297202661726
0.173206055643
0.117203119413
0.131461811739
0.140724413245
0.16646918536
0.175576146176
0.20229666325
0.224216156996
0.253354350185
0.265609721537
0.268853893835
0.296012747744
0.257821674535
0.292856614338
0.284726608516
0.282875752538
0.286099762106
0.292856614338
0.286172803953
0.287545957544
0.28630332584
0.261400376167
0.295947846188
0.295199073528
0.282070834236
0.295749005213
0.272962108482
0.295749005213
0.297202661726
0.276561186402
0.282875752538
0.272230890445
0.296002773864
0.287618999391
0.259498119962
0.296002773864
0.287832839224
0.303637474152
0.288703200013
0.286386643786
0.272940801598
0.270796878843
0.270448061091
0.272940801598
0.245630615056
0.261591157447
0.258629174041
0.260336341909
0.2812673407
0.288766709186
0.273869832538
0.310194521908
0.2974015027
0.326250887384
0.297202661726
0.259498119962
0.260871273552
0.2649417988
0.260144962009
0.247337782923
0.252807138104
0.279622304288
0.266387994238
0.286172803953
0.242386442758
0.245630615056
0.284940448348
0.27149460616
0.289118634997
0.287545957544
0.286386643786
0.27808131615
0.271567648007
0.287618999391
0.286364183853
0.294302809776
0.287618999391
0.267043516987
0.296002773864
0.3063725944
0.307826250913
0.307826250913
0.253941872526
0.282522156238
0.297202661726
0.297202661726
0.27996139636
0.287618999391
0.284726608516
0.287618999391
0.284726608516
0.284726608516
0.284726608516
0.269014049488
0.284726608516
0.28493017225
0.284726608516
0.284726608516
0.286364183853
0.286578023685
0.287618999391
0.286364183853
0.295947846188
0.294494189675
0.295947846188
0.297202661726
0.294494189675
0.295947846188
0.294494189675
0.280360896268
0.294494189675
0.294747958326
0.294747958326
0.280360896268
0.280360896268
0.26568039078
0.280360896268
0.294494189675
0.294494189675
0.26568039078
0.26568039078
0.279813684187
0.279813684187
0.250999885292
0.258629174041
0.25836338554
0.272496678947
0.273980602173
0.284726608516
0.279749357855
0.270448061091
0.269014049488
0.286364183853
0.284726608516
0.269014049488
0.294533479495
0.271821214681
0.267158470751
0.295947846188
0.298656318239
0.281485379939
0.295756466288
0.280360896268
0.265609721537
0.281407591798
0.281296891511
0.234488306391
0.145811113883
0.163906245348
0.148403224644
0.16646918536
0.173086351358
0.190471385739
0.200174580901
0.21406346979
0.207381948117
0.219604785982
0.227952358679
0.221402762842
0.234488306391
0.236286283251
0.242557514624
0.242557514624
0.231548312398
0.242557514624
0.249093462337
0.244355491484
0.244355491484
0.266815125202
0.254148011482
0.283107268358
0.268622378014
0.297202661726
0.238084260111
0.23788124519
0.296002773864
0.252134619714
0.252337634635
0.273508540284
0.265866486245
0.259954180729
0.24426731498
0.2722322572
0.244093610626
0.252807138104
0.252134619714
0.266387994238
0.237454114226
0.254148011482
0.252134619714
0.266815125202
0.295749005213
0.266831862229
0.270387203079
0.286386643786
0.27085910361
0.267555178637
0.256773012035
0.285021456166
0.244495880634
0.279813684187
0.295749005213
0.26568039078
0.280360896268
0.250999885292
0.250999885292
0.272496678947
0.279813684187
0.244495880634
0.245630615056
0.250999885292
0.252134619714
0.244495880634
0.257181125282
0.244495880634
0.27510752989
0.23788124519
0.245630615056
0.252134619714
0.250688424276
0.224592827935
0.244391199411
0.249590297147
0.252504953041
0.265024609417
0.250697700229
0.219604785982
0.248890447416
0.25139754996
0.248890447416
0.241279039677
0.218620427688
0.242386442758
0.262463549823
0.282949287202
0.295749005213
0.282949287202
0.23788124519
0.252134619714
0.245630615056
0.2735794647
0.231377240532
0.259498119962
0.267982980499
0.244422547982
0.258555841389
0.247783044335
0.262463549823
0.28149563069
0.27714405531
0.267242256166
0.278251458392
0.28174939934
0.280360896268
0.26568039078
0.245801686922
0.2735794647
0.272230890445
0.258555841389
0.259690575811
0.2446669525
0.231548312398
0.258555841389
0.252790142464
0.281296891511
0.259498119962
0.252790142464
0.296002773864
0.266387994238
0.251775489158
0.267043516987
0.297202661726
0.283205568658
0.288686484526
0.297202661726
0.291692088912
0.208271268996
0.180076918673
0.146465213141
0.130118924619
0.175576146176
0.20916769743
0.250999885292
0.252337634635
0.260630039322
0.252790142464
0.28174939934
0.2446669525
0.241681793413
0.259690575811
0.267982980499
0.287618999391
0.267043516987
0.245801686922
0.273751494485
0.28174939934
0.279180653316
0.28174939934
0.272497754897
0.258555841389
0.258555841389
0.272444730278
0.287832839224
0.259690575811
0.272444730278
0.287953294707
0.2738200013
0.259690575811
0.263698618283
0.278505227043
0.2735794647
0.2735794647
0.289208110246
0.280336637002
0.289208110246
0.289208110246
0.273604044036
0.2738200013
0.272385989697
0.272497754897
0.287832839224
0.2735794647
0.296002773864
0.278597711823
0.287618999391
0.288992152981
0.288992152981
0.28181455278
0.287618999391
0.287737337443
0.270796878843
0.301984013163
0.295290188448
0.281386194773
0.295253699679
0.278578066913
0.300610859573
0.295290188448
0.289788035377
0.280614664918
0.2974015027
0.297458943182
0.294747958326
0.2735794647
0.280614664918
0.280288004882
0.28181455278
0.280614664918
0.265908782566
0.296204127643
0.280360896268
0.280288004882
0.282070834236
0.294770116041
0.282070834236
0.294494189675
0.296204127643
0.283268209293
0.294747958326
0.294747958326
0.318460883976
0.294494189675
0.280614664918
0.288686484526
0.303673962921
0.265908782566
0.245630615056
0.252134619714
0.2446669525
0.245801686922
0.252134619714
0.252134619714
0.244495880634
0.235860714095
0.244593923501
0.252567700241
0.241450111543
0.236286283251
0.263495603362
0.270569342464
0.272459922081
0.287165804434
0.265908782566
0.285275224817
0.288686484526
0.294494189675
0.296204127643
0.296204127643
0.280360896268
0.306327507296
0.296204127643
0.294747958326
0.305130132239
0.296204127643
0.296204127643
0.295947846188
0.294747958326
0.293060178072
0.296204127643
0.296204127643
0.285144012083
0.286578023685
0.285144012083
0.294747958326
0.294747958326
0.28149563069
0.294747958326
0.293313946723
0.280614664918
0.296204127643
0.294770116041
0.285144012083
0.293060178072
0.28493017225
0.293060178072
0.286364183853
0.286364183853
0.294494189675
0.294494189675
0.295947846188
0.295947846188
0.2974015027
0.304873850783
0.2974015027
0.295947846188
0.295186889693
0.295186889693
0.294747958326
0.304873850783
0.296204127643
0.310389690943
0.267134047293
0.308740865395
0.304873850783
0.304873850783
0.334662069556
0.304873850783
0.310194521908
0.295947846188
0.295947846188
0.286364183853
0.272496678947
0.24271305128
0.166414735718
0.170964269009
0.177958306467
0.21765942351
0.25301327706
0.261640912767
0.282070834236
0.283527003554
0.280360896268
0.280614664918
0.296204127643
0.280614664918
0.294747958326
0.294747958326
0.294747958326
0.294747958326
0.317260996114
0.303673962921
0.294747958326
0.294747958326
0.294747958326
0.30215328283
0.294747958326
0.294747958326
0.286364183853
0.288116508257
0.30055000156
0.295142661947
0.286578023685
0.303420194271
0.301984013163
0.301923155151
0.28630332584
0.29917684797
0.300610859573
0.286364183853
0.266815125202
0.301984013163
0.291881114024
0.279813684187
0.301984013163
0.278379672584
0.30055000156
0.301984013163
0.30055000156
0.290507960434
0.311771055323
0.30055000156
0.295947846188
0.272496678947
0.328059567576
0.338009605884
0.287618999391
0.272435820935
0.30055000156
0.293769508357
0.301899514179
0.286364183853
0.318781676206
0.294494189675
0.273751494485
0.318100699759
0.309174695163
0.286364183853
0.323421370883
0.294747958326
0.265908782566
0.280614664918
0.265908782566
0.265908782566
0.265133178699
0.267364951883
0.26533619362
0.272964923549
0.251202900213
0.260510046263
0.261764861802
0.271255123194
0.294747958326
0.25848281239
0.244942741253
0.244355491484
0.260510046263
0.251342336141
0.249655799459
0.281296891511
0.258800245908
0.288686484526
0.293769508357
0.294494189675
0.286364183853
0.288739688783
0.294494189675
0.279813684187
0.286364183853
0.294494189675
0.294494189675
0.294494189675
0.294494189675
0.280360896268
0.280360896268
0.288432715875
0.294494189675
0.286795904909
0.263897561425
0.270448061091
0.294747958326
0.294513834585
0.278601162936
0.294747958326
0.273869832538
0.271062667344
0.287737337443
0.28932856573
0.287737337443
0.279813684187
0.28630332584
0.2738200013
0.287953294707
0.260510046263
0.267719159413
0.251230447705
0.266591009158
0.25301327706
0.247337782923
0.272689134796
0.281068499725
0.252337634635
0.279813684187
0.24606529184
0.257892598951
0.271051559459
0.277174052767
0.277174052767
0.269821111591
0.27860806437
0.273980602173
0.285926720385
0.278379672584
0.276945660982
0.303420194271
0.300231688758
0.266034498545
0.250677120624
0.286172803953
0.306306671957
0.28493017225
0.29917684797
0.29162616647
0.271062667344
0.28493017225
0.28082132924
0.323421370883
0.304765773935
0.28493017225
0.328345869384
0.314478364478
0.298797677156
0.307306853792
0.296788932065
0.301899514179
0.301899514179
0.293060178072
0.295290188448
0.281871869388
0.289788035377
0.303383705501
0.305172706538
0.320171225885
0.290041804028
0.304918937887
0.305172706538
0.290041804028
0.320171225885
0.297458943182
0.320424994535
0.295749005213
0.294747958326
0.28174939934
0.305172706538
0.282522156238
0.295749005213
0.339623494785
0.31065643697
0.303420194271
0.293060178072
0.31419206267
0.343740254899
0.331397429116
0.390023614851
0.373996078038
0.36637908173
0.396678232557
0.411218448908
0.382026816773
0.366334989209
0.392376396556
0.390942965571
0.44241036712
0.411502360864
0.41114427698
0.41114427698
0.366137636978
0.365197059434
0.410139977731
0.411828308101
0.404640867125
0.364889892746
0.410231395965
0.422449223134
0.407363524679
0.421897425878
0.349158091056
0.366109545413
0.393932491857
0.364664448951
0.373674741341
0.389110891324
0.375119837803
0.366372860794
0.378039933592
0.382125206345
0.346055981761
0.201995458141
0.206346653595
0.190476190476
0.140691494432
0.198238666989
0.231639798704
0.284296334011
0.320242383504
0.305277563773
0.303527129535
0.315011578703
0.363516739156
0.330026793403
0.318791289446
0.325332184414
0.315011578703
0.320166560468
0.317416018424
0.317416018424
0.32879255662
0.32032576642
0.331069683497
0.363516739156
0.311956016988
0.203765620868
0.195348215848
0.176587301587
0.198717948718
0.176587301587
0.140691494432
0.22096590893
0.286275246334
0.331639058034
0.329416774382
0.318797287041
0.321882358419
0.336663739741
0.334193271326
0.343501094895
0.336556736614
0.361329574054
0.346291205577
0.19226804136
0.165041275608
0.190476190476
0.173181043225
0.259068415061
0.316247004876
0.291423660663
0.318797287041
0.327606397535
0.359425674264
0.359144015944
0.334061446952
0.334061446952
0.334061446952
0.347950335841
0.347724544406
0.363751962972
0.364961835619
0.352511576824
0.353303119379
0.367526791525
0.383678675871
0.380235427911
0.379977050319
0.379085948323
0.371712971739
0.370267875276
0.388889869892
0.372930067773
0.388355246828
0.37148497131
0.359079085172
0.359079085172
0.350011278065
0.331002701259
0.349207547157
0.358772462537
0.321173915488
0.323008149778
0.347792379508
0.410231395965
0.382218394371
0.353668811096
0.376543692043
0.342312279888
0.17382211941
0.174620234922
0.179431413147
0.201788817851
0.223862404823
0.261004893898
0.236286283251
0.25409409161
0.275760941832
0.278404500636
0.245499136813
0.29373337035
0.288739688783
0.279813684187
0.280302710053
0.264474770963
0.26568039078
0.26568039078
0.279813684187
0.288739688783
0.288968080569
0.288686484526
0.303673962921
0.294747958326
0.272444730278
0.286578023685
0.287737337443
0.286578023685
0.265908782566
0.267364951883
0.272746829786
0.26568039078
0.272496678947
0.280206570307
0.262463549823
0.257195162439
0.258312413699
0.269577683901
0.260427024402
0.243061869031
0.256253947664
0.2446669525
0.24271305128
0.242557514624
0.242386442758
0.250697700229
0.244422547982
0.280614664918
0.265958487773
0.294792273755
0.265908782566
0.237069606805
0.265908782566
0.280614664918
0.251202900213
0.265908782566
0.265908782566
0.288686484526
0.252134619714
0.267043516987
0.280614664918
0.280614664918
0.272444730278
0.280614664918
0.294747958326
0.286578023685
0.288686484526
0.272444730278
0.294494189675
0.280360896268
0.288686484526
0.295504028281
0.288432715875
0.262972973598
0.272231530295
0.262463549823
0.25710254416
0.270448061091
0.265908782566
0.26568039078
0.2738200013
0.267364951883
0.280614664918
0.26568039078
0.280614664918
0.280614664918
0.280360896268
0.250999885292
0.250999885292
