0.196143268099
0.198761878262
0.194684326516
0.195796703764
0.211092178791
0.232622114467
0.237529452142
0.227195152833
0.221019763115
0.227201690454
0.244441358093
0.222124006231
0.220369470135
0.222409454034
0.213320458413
0.233635542212
0.267388396372
0.23218776891
0.239369719129
0.23397514281
0.232854542118
0.257143247643
0.227459965798
0.220754685019
0.221828411718
0.255771874033
0.225255670655
0.255397239221
0.27837547053
0.250416263095
0.251267206429
0.239775202593
0.244576509809
0.256410450877
0.2505540825
0.262879328557
0.251220855708
0.23819622535
0.262879328557
0.285768809795
0.260979575631
0.286388937984
0.287487774454
0.27283071221
0.298727077732
0.262147605134
0.287547386826
0.273943038469
0.28024373311
0.281922620945
0.27710556695
0.306283363837
0.291296012069
0.294561923844
0.310064982796
0.285717831173
0.305798231552
0.28705168906
0.287060476317
0.297376304023
0.305798231552
0.278042187878
0.292310453793
0.249321102782
0.294066226078
0.281729957216
0.272319175451
0.257067266212
0.250296468555
0.251463424714
0.245254822412
0.230638630293
0.238922370166
0.235728084068
0.238381093825
0.244700983363
0.240285898875
0.251028191978
0.250488058941
0.244470489795
0.226156360206
0.137849792039
0.137628737313
0.166221687831
0.215728957222
0.228307825755
0.256425878174
0.246103887411
0.256952684847
0.243593911546
0.255890682363
0.233702402074
0.250933485738
0.239351379198
0.24282192552
0.257092177484
0.255455651351
0.222136713299
0.20997727514
0.275051049341
0.247996692885
0.235558728007
0.227094759156
0.245585393446
0.268007972019
0.260358397296
0.243352459851
0.267543439368
0.262081581575
0.262339195519
0.292558007858
0.260696643369
0.249685136426
0.232220606714
0.233308369602
0.244470489795
0.238193394829
0.226878923482
0.226878923482
0.23218776891
0.225678315563
0.204101757197
0.239097916054
0.224872716383
0.258128076202
0.2037848651
0.215286120567
0.239897735939
0.226851809343
0.257389815158
0.2391770554
0.263056947349
0.249854698199
0.269019341402
0.261883453569
0.251463424714
0.257858807144
0.256158213926
0.249296546066
0.24523800212
0.248288700757
0.242744883275
0.208559020936
0.238036172713
0.256158213926
0.256158213926
0.255455651351
0.237529452142
0.254480285577
0.256158213926
0.274020412131
0.261845876815
0.261954941405
0.299642203333
0.258128076202
0.262814048486
0.249821285733
0.256622607509
0.257858807144
0.256158213926
0.256622607509
0.256158213926
0.254991257767
0.238702945921
0.249348323433
0.26775173656
0.250796651506
0.268213181851
0.273743187642
0.263837134422
0.301700998223
0.270857177481
0.27357782193
0.249428614502
0.260492223865
0.254015891994
0.220417216114
0.258216854227
0.290971736339
0.262879328557
0.242230778974
0.213794002266
0.265801005014
0.24255329289
0.26332002557
0.232490953703
0.274848845554
0.227804030354
0.256222858999
0.211436216722
0.265226004908
0.226346570262
0.218015084806
0.242230778974
0.251222500017
0.233369285293
0.246469603353
0.232555598776
0.244693981439
0.245354217026
0.256921124672
0.212667473979
0.242020910208
0.242020910208
0.189956915568
0.2367392869
0.239775202593
0.221112076571
0.221592038136
0.19756178659
0.20879638359
0.216639849332
0.223883367797
0.204188503539
0.255235629424
0.206163948227
0.238669932021
0.211079619741
0.23819622535
0.223388255627
0.244064508341
0.20556069878
0.217411835358
0.220625470947
0.226345088771
0.236764003736
0.237941473226
0.216314250754
0.24459160778
0.187729603666
0.236785726258
0.219833514337
0.20702054991
0.144377718308
0.152496192199
0.107671249843
0.109658656926
0.169074699917
0.156235370461
0.20879638359
0.207994404677
0.214579702466
0.206535463094
0.231504271566
0.238597733103
0.265365656516
0.232963213149
0.235991091497
0.243862128716
0.227928041725
0.202964021817
0.229386983307
0.245029084875
0.23986990208
0.2286810264
0.255206544723
0.245292111065
0.257360868553
0.236973986054
0.243355408145
0.232126726414
0.238088889705
0.240948696372
0.234567594273
0.230871003909
0.227804030354
0.229847982559
0.219688761536
0.203814085879
0.247701204585
0.255408808552
0.267057681302
0.248549116756
0.250701952019
0.251645052645
0.292627666316
0.258597068188
0.26100452395
0.268852414263
0.271491740672
0.251028191978
0.249314565161
0.250488058941
0.245827028001
0.192857274624
0.244564691292
0.23819622535
0.245066970942
0.205569736199
0.218886032666
0.219188578586
0.20879638359
0.225171594991
0.211858750485
0.239369719129
0.25572298119
0.214779399996
0.214493952193
0.242891014561
0.229866221384
0.211172370664
0.220417216114
0.215667445972
0.228209513818
0.226630536574
0.239828802967
0.221651943869
0.232271479215
0.223110885452
0.251220855708
0.258128076202
0.219188741404
0.221364697785
0.237424239324
0.236764003736
0.249275375902
0.233217991468
0.210972502789
0.22750355691
0.219263264479
0.199043990401
0.201842669962
0.214445313398
0.218893320244
0.233560643667
0.22131186943
0.227514070241
0.22131186943
0.207708956874
0.203814085879
0.220478808913
0.233644103938
0.20264712972
0.213681815391
0.215105548985
0.217778135123
0.226878923482
0.206177238358
0.21335381818
0.239097916054
0.206535463094
0.215315341346
0.213694541674
0.250296468555
0.202363272168
0.237930959895
0.219592611461
0.238709483542
0.230453049684
0.238702945921
0.237529452142
0.248147609003
0.242891014561
0.258621416391
0.237955312784
0.254480285577
0.252907995265
0.250933485738
0.236790329239
0.220362072365
0.249314565161
0.257734074451
0.265921463572
0.24626528451
0.249685136426
0.256442744358
0.277394615416
0.255247493226
0.24523800212
0.245647461294
0.24037052524
0.226346570262
0.256873053265
0.257734074451
0.240948696372
0.274231444389
0.227518582551
0.275467915199
0.25701330616
0.243355408145
0.252454101249
0.252454101249
0.255883262611
0.261589998528
0.286584025127
0.26468986234
0.256936222642
0.255235629424
0.261711961295
0.240789308976
0.160190977452
0.142213638942
0.160356301474
0.137328446596
0.159609321262
0.136188048216
0.190828903842
0.150209779735
0.147657783451
0.149923607515
0.169871597611
0.188431449067
0.190339864327
0.186894548673
0.178058327385
0.201358453458
0.188431449067
0.184273913946
0.151552618519
0.224254882664
0.199750467776
0.200915853303
0.188477888425
0.231655429224
0.224066077837
0.225414551245
0.239084117355
0.22511496903
0.242891014561
0.244613233824
0.241547319819
0.251683945307
0.25415929287
0.20053862149
0.226646152477
0.236836494721
0.224344813087
0.233971750015
0.239203128872
0.229525878585
0.251217822341
0.225486483896
0.237552933907
0.250459890771
0.220741548839
0.21144540292
0.219817522671
0.237815836575
0.243381632591
0.22511496903
0.205719686987
0.230296034527
0.206163948227
0.251222500017
0.215308672799
0.219965576916
0.20053862149
0.202452753697
0.189962632514
0.199378952909
0.200915853303
0.20244703675
0.197758127304
0.238601708813
0.221429560745
0.19432610178
0.225486483896
0.209999751468
0.244528901924
0.249223691136
0.192857274624
0.207994404677
0.199217068886
0.196097902221
0.225486483896
0.219560093452
0.196143268099
0.191403275828
0.192867160197
0.224347761381
0.224254882664
0.209167898457
0.220744193678
0.199007438042
0.187087116047
0.191077126839
0.221655153107
0.216415579308
0.245755724779
0.21982991176
0.183658863863
0.175416876806
0.19432610178
0.137855463152
0.183857856999
0.147936419601
0.215894288314
0.244340711796
0.219688761536
0.243175506157
0.237552933907
0.269239573251
0.252907995265
0.252157535696
0.281475334342
0.270214939025
0.277304496744
0.245029084875
0.251222500017
0.27053095128
0.268293880937
0.257858807144
0.292058987112
0.286388937984
0.257513489111
0.300199475634
0.292681697987
0.292681697987
0.292209572842
0.281649291092
0.283415328742
0.2942181795
0.301131067692
0.292082665686
0.272990498139
0.273610721749
0.271089719943
0.268983337793
0.24952448253
0.261661656014
0.26971316364
0.256414449385
0.263320987086
0.262107342531
0.249077029951
0.250280182658
0.281041480091
0.257678943993
0.269274710987
0.269367845607
0.267182313599
0.281676875785
0.270897418956
0.290665486752
0.303437413562
0.282167463125
0.290392985753
0.26119726243
0.273252702658
0.266776370787
0.249348323433
0.281242605449
0.258994561444
0.280492163133
0.267857815103
0.267429222645
0.270635825927
0.281088175353
0.244629336365
0.287389679141
0.274591551799
0.270475695138
0.289540257835
0.277193726844
0.277394615416
0.235435612419
0.274744778089
0.262893257246
0.269700004785
0.256158213926
0.234136706929
0.256380038503
0.257678943993
0.244570367938
0.29615938887
0.242637023302
0.251714333992
0.249223691136
0.249220742843
0.271496654645
0.256380038503
0.248759297552
0.283137919128
0.251686893601
0.269897683623
0.256883441371
0.245702395704
0.269515783983
0.240784710573
0.246101551385
0.262514212566
0.256442744358
0.246469603353
0.236362495983
0.251686893601
0.238784535139
0.227518582551
0.251686893601
0.256467230656
0.244992543328
0.232146259173
0.245827807415
0.270475695138
0.253381585654
0.255235629424
0.268940438096
0.238088889705
0.226646152477
0.260290290999
0.255647241736
0.256238176873
0.270475695138
0.257513489111
0.277984230846
0.257513489111
0.283143623649
0.251686893601
0.25474215114
0.288642820017
0.261582447254
0.297842587204
0.300097826808
0.275129018336
0.306016952299
0.292282031643
0.308127513739
0.268905195534
0.244029265778
0.157739405605
0.110065149415
0.112872301571
0.150209779735
0.146013244887
0.184370090331
0.200305769569
0.228254985522
0.201812459885
0.207982377759
0.204111014089
0.22806105721
0.208267875806
0.207994404677
0.19425980337
0.219822134824
0.213236837035
0.226791435386
0.226920280769
0.251209536115
0.256380038503
0.264059048749
0.243397735133
0.274744778089
0.233584187463
0.219941810825
0.225302708761
0.232800382278
0.257607177732
0.244992586666
0.269008654655
0.277632151506
0.266113346671
0.270453614206
0.277050037102
0.269478248433
0.250873091525
0.238712351137
0.252245841766
0.25863707438
0.295255952134
0.263939783728
0.293988149874
0.293988149874
0.293988149874
0.293988149874
0.293988149874
0.293988149874
0.293988149874
0.293988149874
0.293988149874
0.293988149874
0.293988149874
0.293988149874
0.293988149874
0.293988149874
0.293988149874
0.293988149874
0.293988149874
0.293988149874
0.293988149874
0.293988149874
0.293988149874
0.293988149874
0.293988149874
0.293988149874
0.293988149874
0.293988149874
0.293988149874
0.28070053438
0.275486671928
0.280626235697
0.231518086357
0.26962296722
0.257462226831
0.245940090559
0.243098468593
0.24669935534
0.256238176873
0.238845227371
0.218893320244
0.262169540662
0.219876469013
0.28070053438
0.233513730841
0.285118342773
0.26537738287
0.277821490435
0.264348993928
0.264145781637
0.271960448036
0.224441683899
0.239899727628
0.239342851241
0.276786958806
0.245100225767
0.226706445749
0.226701092701
0.223755339698
0.251081942371
0.220973831976
0.221183787048
0.221254574809
0.233358353344
0.233217991468
0.221652302693
0.1908620167
0.215231442068
0.236000228678
0.215605534879
0.219592611461
0.215332953114
0.207392064777
0.197143852151
0.214538417074
0.228679949194
0.208928965171
0.231504271566
0.243355408145
0.232184859565
0.207168730752
0.207168730752
0.234292664569
0.221096993846
0.213989092396
0.239342851241
0.251848993928
0.219160229206
0.232422237642
0.238239176575
0.222748780373
0.201531192106
0.189998797009
0.185260188622
0.205678588537
0.197726975794
0.189939391459
0.211816917786
0.194634017852
0.221652302693
0.210900260924
0.210399808902
0.212677004152
0.201034902469
0.181011080832
0.161246497762
0.199503719021
0.167547706752
0.132079575454
0.13601330091
0.112523703524
0.100253214139
0.102884785002
0.13640885533
0.149834893965
0.171040837838
0.146390442521
0.215011687667
0.196143268099
0.203921882286
0.180421543058
0.240275385544
0.26214653179
0.206525305206
0.180965987271
0.218601913105
0.184573361233
0.178115341429
0.19933251355
0.160121870665
0.202441319804
0.250256205952
0.194061218592
0.222476936407
0.228018765501
0.24938058872
0.236117044109
0.217169257602
0.260974111354
0.221043425172
0.222030901805
0.202363272168
0.177626089969
0.216779225715
0.221991401346
0.203501007548
0.245098328351
0.228018765501
0.215826644191
0.181981408076
0.2272066287
0.225245908944
0.202363272168
0.191609956167
0.191922798525
0.204551843027
0.180612848633
0.18301076641
0.208826635138
0.239351379198
0.227195152833
0.221853469601
0.20556069878
0.225936774787
0.217169257602
0.203284403457
0.239351379198
0.226429622989
0.239351379198
0.248520314682
0.238173909709
0.237015925339
0.232780188467
0.221542963915
0.197179489188
0.215870256808
0.243527489584
0.218425655302
0.216779225715
0.225678315563
0.240275385544
0.242362662795
0.243125063636
0.232780188467
0.239351379198
0.24599087691
0.238535276095
0.234828255936
0.23137772448
0.228343296876
0.234107885538
0.238535276095
0.24952448253
0.238173909709
0.279351162772
0.273613147268
0.26078118064
0.274251445237
0.274251445237
0.285464283847
0.285949416131
0.296743455825
0.267881064863
0.263128168199
0.256622607509
0.280086311386
0.285949416131
0.281097615183
0.279694306364
0.285949416131
0.274058128777
0.280834461085
0.285949416131
0.285949416131
0.29311590657
0.297507158911
0.280116825954
0.308747837809
0.285949416131
0.268941061134
0.280651980944
0.2943530408
0.284981549162
0.304909499337
0.296539291942
0.26780301901
0.290645171288
0.289761216575
0.307460046796
0.27961072278
0.272237687843
0.279209174079
0.273177201071
0.278228344029
0.243928997337
0.240275385544
0.236029026604
0.260688326991
0.227094759156
0.256691850986
0.261954674419
0.249685136426
0.233063435824
0.204951821259
0.237323432015
0.212652368941
0.225568863045
0.226360823135
0.238845227371
0.238845227371
0.232077015697
0.233527829408
0.198397354308
0.201812459885
0.205569736199
0.200305769569
0.213812037522
0.197057765469
0.193784623179
0.233313215332
0.157402216554
0.148029994185
0.147657783451
0.151102591789
0.157774610727
0.158853030266
0.155845469061
0.151383359632
0.149076651881
0.151082680348
0.126078139447
0.135452015365
0.127148745793
0.167310898343
0.111308666932
0.123260046844
0.123678857607
0.132166364549
0.135364136775
0.12108297969
0.144377718308
0.132562505902
0.130165398457
0.147936419601
0.133528840651
0.146013244887
0.137223273398
0.135452015365
0.112206532611
0.126646193103
0.134208851792
0.112127441332
0.118010814603
0.14073148105
0.125980843904
0.111178857607
0.112624241337
0.111116474551
0.170023710193
0.17333598175
0.185195764257
0.171810320847
0.196686250602
0.206222588057
0.215578105991
0.196766620338
0.213514292124
0.214890718574
0.20762288981
0.205189330541
0.20264712972
0.200915853303
0.186894548673
0.237621177413
0.188133537391
0.192338971727
0.213891523937
0.189411202989
0.20029066453
0.171423521184
0.157864381465
0.222509537577
0.198594665862
0.215410093344
0.173249895067
0.197602209681
0.22638807785
0.220256066965
0.208672464251
0.167435187275
0.176037959343
0.175948700436
0.201827564924
0.175948700436
0.174456583795
0.184370090331
0.161340072347
0.151646193103
0.166013122564
0.189437225997
0.181533244451
0.155484442787
0.165673426645
0.155710390057
0.199596887889
0.180845764687
0.180957834679
0.172062664155
0.178456200798
0.17652216079
0.151646193103
0.154112594977
0.151885534223
0.159986426802
0.136188048216
0.170130298831
0.182309092628
0.155401809532
0.139249533655
0.144834174856
0.142808234948
0.178035746043
0.185117805445
0.182309092628
0.1624531689
0.168257598107
0.178463632164
0.144458565614
0.173869079376
0.183658863863
0.146254149539
0.197057765469
0.165535746043
0.171174459627
0.154345830948
0.162702418085
0.170629841129
0.180064216795
0.166718777787
0.183768034211
0.166718777787
0.219684859565
0.183768034211
0.196268034211
0.183768034211
0.192312830412
0.172381130764
0.194684326516
0.179574566363
0.194684326516
0.190535746043
0.190535746043
0.179463476088
0.185117805445
0.158606819471
0.182309092628
0.18433756338
0.155401809532
0.206323537395
0.148029994185
0.127425619056
0.0622244807686
0.0633492300114
0.09821872274
0.127425619056
0.141086024784
0.183768034211
0.171268034211
0.173869079376
0.182309092628
0.22131186943
0.19047331499
0.177926575694
0.194051058858
0.165535746043
0.201790528037
0.200560512205
0.180074302868
0.181533244451
0.178035746043
0.171807727284
0.157957956049
0.17808825488
0.15978755618
0.14974270395
0.174828402787
0.143970862807
0.197602209681
0.175244171587
0.170561961262
0.183658863863
0.178048104105
0.170348785701
0.1919289285
0.186591868286
0.171174459627
0.192536068422
0.191512731028
0.173869079376
0.185117805445
0.185666044873
0.178970729347
0.220828811096
0.205244209068
0.232188291231
0.256759884638
0.262046840837
0.269030045306
0.25916895536
0.248147609003
0.257138757952
0.252145386019
0.268790148378
0.250921336061
0.232632836193
0.196347912948
0.201830678813
0.231011365785
0.209292664569
0.169545448622
0.209073572856
0.181149164975
0.18823669682
0.189939391459
0.178970729347
0.171807727284
0.187255446546
0.191982855476
0.144136813656
0.180011429595
0.194993747224
0.180611215865
0.194623802989
0.185666044873
0.185117805445
0.17377475752
0.183658863863
0.201196316009
0.192325901069
0.209420582076
0.199217068886
0.214815158395
0.21901986733
0.190451672028
0.1961652013
0.198574270033
0.214885001628
0.179546114398
0.200863696998
0.188667979399
0.188534902469
0.208603166177
0.211816917786
0.197696384747
0.211130573585
0.191988572422
0.170684886769
0.192338971727
0.208627672335
0.219740810252
0.215718443891
0.188055752655
0.197602209681
0.179511988474
0.192862217411
0.23986990208
0.269837528809
0.255663608084
0.26282159976
0.275576635634
0.249144482376
0.281994609125
0.262081581575
0.300209630582
0.281345169248
0.294742723392
0.268790148378
0.28705168906
0.274973034142
0.269827780036
0.263121897563
0.250488058941
0.232220606714
0.250296468555
0.241311417819
0.251463424714
0.256321626374
0.27404210364
0.281728816162
0.270375319005
0.285889917238
0.251666489947
0.282624656865
0.268799244036
0.27502293369
0.275458166426
0.28705168906
0.245701593037
0.274291210267
0.251028191978
0.212113971015
0.269837528809
0.268983464837
0.263284812021
0.157694312044
0.172984197416
0.160075366852
0.150652274016
0.143873334402
0.144377718308
0.158738553775
0.178048104105
0.163813160454
0.200447978977
0.169298028396
0.134084226035
0.238702945921
0.222057117917
0.154305680173
0.179511988474
0.192312830412
0.179511988474
0.179511988474
0.184206614867
0.203842760787
0.177519915635
0.249223691136
0.193776714781
0.217354849219
0.212660222826
0.232544680639
0.252923093235
0.242230778974
0.2386964083
0.238597733103
0.197602209681
0.219509947607
0.184248285724
0.183674375919
0.196881339015
0.18089079166
0.176645938188
0.20707198273
0.209740901557
0.182837052354
0.194634017852
0.162065754143
0.214779399996
0.200875109806
0.211816917786
0.191358182266
0.189939391459
0.18219992228
0.190875087358
0.159624002332
0.163596937591
0.193776714781
0.177519915635
0.173869079376
0.141086024784
0.171042968193
0.170638143285
0.18488456245
0.173314481299
0.165294022959
0.168530255704
0.178048104105
0.179507045688
0.144377718308
0.204713353989
0.191398333042
0.23720073219
0.262686664827
0.246421778571
0.269182668538
0.24952448253
0.237941473226
0.250826184197
0.263566879072
0.281339005754
0.268276412405
0.279697282702
0.269030045306
0.256250417525
0.238424782148
0.175814911383
0.138909782028
0.148690479443
0.17965499287
0.141459232593
0.20432620066
0.228778103206
0.270023775813
0.1961652013
0.174354547173
0.173854352906
0.169834119216
0.228232381091
0.208233254245
0.171871292677
0.19041280993
0.185176237474
0.196272997707
0.232632836193
0.268546130891
0.26214653179
0.289676060901
0.256737250198
0.249726586246
0.25799148587
0.266782909412
0.244576509809
0.257138757952
0.276132452857
0.244978017563
0.24952448253
0.244576509809
0.293082073048
0.238424782148
0.281905485689
0.262712535222
0.281905485689
0.293082073048
0.293082073048
0.28092133266
0.274448867169
0.246155487053
0.258316227442
0.269030045306
0.269030045306
0.266851818715
0.270207514795
0.269030045306
0.257589978116
0.27140853396
0.262605533189
0.304424367053
0.263535941704
0.25799148587
0.25799148587
0.275564485957
0.280167699759
0.293236456602
0.267960378902
0.282493531785
0.283689979445
0.282605993349
0.297787121522
0.305218152005
0.301308352001
0.281888358217
0.263056035379
0.301308352001
0.280749127165
0.294066226078
0.244122615794
0.289902196931
0.292058987112
0.292980424223
0.261705834777
0.268546130891
0.277116605887
0.288918043901
0.293082073048
0.293082073048
0.24486248471
0.255914707994
0.281089136869
0.270030993284
0.263225884413
0.249726586246
0.250701952019
0.257138757952
0.270014198336
0.245702395704
0.250909186384
0.249822247249
0.27414606025
0.263069926773
0.250909186384
0.258316227442
0.252145386019
0.244978017563
0.239097916054
0.261309595549
0.251868908178
0.222352279582
0.251395566966
0.244978017563
0.2386964083
0.250691438688
0.263096951939
0.263462430812
0.257138757952
0.26308207645
0.257138757952
0.235976682232
0.229057409019
0.275554331009
0.263949679857
0.244528901924
0.221185323424
0.228232381091
0.221852096631
0.228067770949
0.239097916054
0.221022771196
0.256981630382
0.244978017563
0.228670513069
0.240275385544
0.176768156324
0.157828870681
0.119008006206
0.154419513051
0.232104040863
0.215826644191
0.262284961323
0.240275385544
0.25174503671
0.249276791297
0.269299498341
0.276943141722
0.257138757952
0.274176248677
0.250691438688
0.249678299051
0.26918442886
0.273344284631
0.248710432082
0.254641600904
0.262582726042
0.240264035704
0.267693086591
0.274176248677
0.254202096606
0.244043340306
0.257138757952
0.221367356923
0.239584296321
0.232622114467
0.249678299051
0.243881548195
0.268216130144
0.248845177591
0.237787011697
0.255609467872
0.239905972392
0.232544680639
0.239097916054
0.256622607509
0.244361263271
0.251137423468
0.239097916054
0.288951271033
0.261309595549
0.29311590657
0.289759742294
0.250691438688
0.275554331009
0.274176248677
0.268216130144
0.281034143681
0.271065685502
0.302364677495
0.293184938616
0.257858807144
0.284965263101
0.274474013396
0.28705168906
0.287715071398
0.280189701438
0.281649291092
0.262582726042
0.269107011745
0.261883453569
0.288917091388
0.293184938616
0.269299498341
0.273734590148
0.277846268021
0.273460873759
0.285442729227
0.288917091388
0.269107011745
0.28705168906
0.299962076516
0.262747055895
0.27967237143
0.288917091388
0.298942976414
0.296334590375
0.304832228057
0.288038735245
0.293184938616
0.315405584391
0.28070053438
0.290645171288
0.286870843232
0.281905485689
0.2857516465
0.311504057003
0.298047511714
0.303696544752
0.303188446633
0.295943553984
0.30189255235
0.30189255235
0.295477221674
0.256622607509
0.275230667162
0.274445026789
0.280116825954
0.212321377388
0.293184938616
0.274482800653
0.268131645972
0.268612436611
0.289455064518
0.269107011745
0.281591415981
0.255609467872
0.269107011745
0.232201889351
0.196143268099
0.163690429757
0.179449605923
0.207054892243
0.243862128716
0.250909186384
0.238945895735
0.228242249097
0.20029066453
0.250909186384
0.28070053438
0.227064106702
0.262141067513
0.219512373307
0.244029265778
0.193995010004
0.207523373908
0.229712066481
0.194312811649
0.239108429385
0.203501007548
0.239084117355
0.237618229119
0.213320458413
0.222333178235
0.201797735047
0.225256524709
0.226316874773
0.201440945018
0.223883367797
0.206064432326
0.213298990515
0.206736692358
0.250444792801
0.217270554495
0.205078757185
0.220101014607
0.185451800101
0.222659327224
0.214119164409
0.227804030354
0.193995010004
0.218685969529
0.225940377912
0.221219944984
0.193995010004
0.193458693663
0.191463435739
0.24523800212
0.204101757197
0.245555682833
0.237552933907
0.243301903673
0.160431882104
0.114565580784
0.100307112342
0.0977673695726
0.117142846975
0.165915912099
0.198768869175
0.225568863045
0.227100046493
0.252122422931
0.251683945307
0.237212881867
0.216453076726
0.22019336111
0.207770140723
0.210704798851
0.197602209681
0.199378952909
0.199378952909
0.18842573212
0.194684326516
0.204713353989
0.216604641343
0.224301322022
0.213394540592
0.209167898457
0.182742730498
0.181874846771
0.194156138046
0.185117805445
0.193776714781
0.201196316009
0.188431449067
0.153602610609
0.173521424553
0.196143268099
0.212677004152
0.164169843743
0.167615758334
0.186123635814
0.171799081356
0.166196967527
0.149859594315
0.189305028655
0.18222696862
0.209420582076
0.170348785701
0.181436735976
0.176795065422
0.178970729347
0.173893635287
0.180421543058
0.168611103009
0.168530255704
0.194156138046
0.166156816751
0.186393635287
0.155375176278
0.196143268099
0.15978755618
0.163596937591
0.166609607439
0.183208634204
0.175378892667
0.131805778107
0.175215402632
0.160867539972
0.187836981027
0.161905324471
0.182720604587
0.169453591113
0.174184127316
0.17589169342
0.156363327519
0.18589941925
0.161869626375
0.195356936877
0.191322505767
0.2192302819
0.199544062053
0.250090313153
0.22710483968
0.275148400079
0.24022590601
0.283389386769
0.259073931404
0.277114773302
0.257906975246
0.264095773562
0.244157908408
0.252437300712
0.263175647957
0.275148400079
0.262587972303
0.298427755245
0.283154162953
0.275339990464
0.27080198613
0.274373085323
0.229676392329
0.234579415113
0.240148645216
0.245687366052
0.201016142412
0.100372301571
0.0729394468287
0.103561870355
0.148029994185
0.160765490831
0.197143852151
0.218237379153
0.233117717956
0.243355408145
0.251683945307
0.244564691292
0.225744339122
0.250289930935
0.244525953631
0.26308207645
0.272759224374
0.256896474969
0.257389815158
0.292681697987
0.256414449385
0.289363588308
0.257389815158
0.262879328557
0.251028191978
0.269969835541
0.27923953295
0.274185035933
0.239369719129
0.256380038503
0.219188578586
0.18819696271
0.117303450076
0.144825810047
0.171178936697
0.171392335107
0.132553803709
0.141141485563
0.20883953976
0.160967861612
0.185407763251
0.186270662083
0.202642815614
0.193995010004
0.20313008332
0.196808514352
0.234914487608
0.243477680042
0.233087845446
0.243720249048
0.216676858878
0.23763128153
0.216453076726
0.227064106702
0.226845271722
0.188593813612
0.203501007548
0.192150225387
0.191991624209
0.191870649593
0.23397514281
0.20879638359
0.211145378867
0.231681048338
0.209686437284
0.227195152833
0.21144495243
0.200941133365
0.237156783829
0.218963270083
0.239369719129
0.203121130643
0.236764003736
0.227518582551
0.245029084875
0.230168213236
0.227879939529
0.2386964083
0.239612288136
0.209178504903
0.251463424714
0.245585393446
0.2431628375
0.239351379198
0.232685042515
0.253556523674
0.245029084875
0.244486196656
0.215566755806
0.244322518551
0.244322518551
0.252883212845
0.251582125322
0.251582125322
0.24005998905
0.228558733583
0.238442417042
0.22420106572
0.231620674294
0.226360823135
0.289455064518
0.26762081303
0.274707004225
0.296010891394
0.287204238456
0.295902383781
0.282762675501
0.232544680639
0.244138203274
0.255182848153
0.292082665686
0.269625576249
0.268093872108
0.256158213926
0.256622607509
0.269107011745
0.243640684946
0.269107011745
0.293184938616
0.256483258939
0.260762069783
0.273805810998
0.263097679439
0.293184938616
0.282624656865
0.279598261451
0.298928835632
0.292409332334
0.256622607509
0.269107011745
0.268612436611
0.280319029741
0.27396002716
0.277893795812
0.292082665686
0.266935887739
0.273073975747
0.275554331009
0.277893795812
0.24893485294
0.281733775264
0.281088175353
0.263138234395
0.281733775264
0.291652300542
0.300199475634
0.273613147268
0.255609467872
0.262747055895
0.260908087796
0.281219098883
0.257389815158
0.255182848153
0.28705168906
0.2942181795
0.256372677013
0.231560371127
0.170756969979
0.197195975249
0.180875098766
0.174700580932
0.227553684113
0.228670513069
0.167079441993
0.170684886769
0.170687430067
0.226884620523
0.191077126839
0.227380206959
0.23986990208
0.232393335046
0.249321102782
0.238702945921
0.232141413443
0.249122974776
0.246068848395
0.238945895735
0.24104339586
0.245755724779
0.238702945921
0.258096698688
0.256887658042
0.210285576721
0.280252461392
0.245121005245
0.256222858999
0.249228294117
0.236362495983
0.255687683138
0.250296468555
0.248549116756
0.244931437095
0.263844685696
0.251868908178
0.231736214898
0.252516167658
0.244978017563
0.250296468555
0.256737250198
0.25551320024
0.219885078319
0.256737250198
0.23389886701
0.245750003589
0.222333178235
0.249292300708
0.22553295197
0.220568502674
0.221129511855
0.234493918624
0.200612715548
0.227917858322
0.255569358185
0.221726487043
0.202978503457
0.24963944412
0.258316227442
0.238193394829
0.249678299051
0.233358327646
0.237941473226
0.243787918672
0.257389815158
0.227143794767
0.250289930935
0.237529452142
0.256687005256
0.269206327829
0.251463424714
0.255663608084
0.263128168199
0.229477707084
0.250488058941
0.276451768826
0.238481673153
0.25036141877
0.258410926929
0.25724397077
0.249821285733
0.233503080447
0.245083230381
0.252130288049
0.239774384953
0.254477337284
0.239876439701
0.251683945307
0.231684650916
0.258096698688
0.255328979439
0.244064508341
0.256865097456
0.225414551245
0.202928263417
0.252242053231
0.231560371127
0.192963830968
0.243352459851
0.233686044575
0.184647909431
0.15941526641
0.191230752479
0.173393088032
0.261048833553
0.266576280271
0.249427287352
0.249144071649
0.218907483718
0.250372162908
0.258757615906
0.254128156394
0.255700920555
0.253564533856
0.249022800691
0.277557160742
0.242547147822
0.243367185493
0.236060828458
0.279278626128
0.273171111122
0.268238958426
0.267001214506
0.214697942048
0.208901871397
0.266436215553
0.252537893051
0.25328252615
0.248344548138
0.263269027024
0.256784600136
0.272329656319
0.229048240208
0.274660810288
0.240528848688
0.244047619048
0.227938547655
0.212876748747
0.229431883328
0.211115583213
0.226747029121
0.225
0.260443067211
0.25231644163
0.26190203476
0.295097462268
0.236038575051
0.250991848293
0.252412405284
0.247607364235
0.2465774778
0.25231644163
0.245029084875
0.253559745187
0.25336605388
0.255952380952
0.273498647623
0.232142857143
0.238173909709
0.245029084875
0.220059557439
0.225940377912
0.220494453531
0.2272066287
0.203814085879
0.239097916054
0.231862680251
0.209073572856
0.207523373908
0.195076034693
0.157760306477
0.171017457565
0.0928122072326
0.098095725642
0.233635542212
0.154370551252
0.190875087358
0.183390497955
0.131295175398
0.163084559204
0.169098076892
0.15056650191
0.187129929243
0.181997315498
0.16581189242
0.188085764327
0.146300893023
0.188364301582
0.179851049318
0.169098076892
0.150140781666
0.163527589453
0.158805045497
0.13751865564
0.181634403674
0.149564552724
0.179768706416
0.164096496248
0.151424422732
0.149757249956
0.161066170115
0.169901859808
0.132146948208
0.145517950588
0.145883323373
0.184573361233
0.192312830412
0.232141413443
0.238595837759
0.262712535222
0.244429041205
0.306924080349
0.299648514843
0.26383965775
0.26724345573
0.299157042465
0.258098607315
0.299904152185
0.292583684533
0.318545999266
0.25815395093
0.269707940741
0.243040499586
0.250921336061
0.269045934345
0.275880556566
0.259468151833
0.254348460004
0.258669939712
0.270475695138
0.255700023007
0.269404224695
0.277823771528
0.256936222642
0.285661140597
0.30624754945
0.29535572054
0.269652597126
0.286365373321
0.299157042465
0.281420353405
0.298727077732
0.300450773659
0.312153923588
0.270071484366
0.250940615639
0.256427646388
0.232914058549
0.276275099299
0.224344813087
0.224839027779
0.238076575476
0.24410507853
0.239612288136
0.23986990208
0.232914058549
0.262605533189
0.237223288113
0.215612269557
0.241102474602
0.244872286179
0.214450105536
0.206338126413
0.233459454635
0.271764561083
0.21633367518
0.224875233888
0.229705495778
0.214508433833
0.212912851476
0.238595837759
0.252145386019
0.228923976214
0.221523441808
0.21598700593
0.203498933702
0.21244385918
0.213876418899
0.207723438514
0.237882013614
0.212541690275
0.207723438514
0.200951176396
0.212913205142
0.230463396972
0.217978992736
0.221744743144
0.209632154454
0.213876418899
0.236029026604
0.227014643749
0.228408633199
0.191565671914
0.199442238926
0.236998276791
0.220736423265
0.230404626734
0.210471763706
0.200951176396
0.198952684942
0.211709928128
0.244874946535
0.228787054726
0.211709928128
0.237359638124
0.23129534578
0.219161312505
0.213234057679
0.195130298831
0.2366787366
0.206975160109
0.210471763706
0.237565926998
0.239961682542
0.201812459885
0.223262773575
0.232692246986
0.171740899118
0.1531822834
0.202978503457
0.238173909709
0.23176103617
0.24410507853
0.23129534578
0.249500134608
0.226282622355
0.238173909709
0.238819498219
0.226302814523
0.246417615037
0.247451406595
0.233809017989
0.237988034483
0.242947801208
0.24294709416
0.24410507853
0.250065197063
0.235223444017
0.256845667507
0.271693427367
0.230462689924
0.243296986144
0.239487458951
0.245341278165
0.242818817372
0.24984404236
0.237015925339
0.251209594876
0.268455075207
0.268323083318
0.258491402354
0.281794834506
0.257858807144
0.1830318883
0.24294709416
0.22020784275
0.222580325566
0.210173117003
0.210222607368
0.192231216118
0.199217030758
0.213946944943
0.244018086357
0.21633367518
0.210222607368
0.225537971254
0.209387024947
0.220348204626
0.207516830889
0.173359065415
0.168183814748
0.193886169981
0.195731717869
0.15931467712
0.208231717869
0.185963843835
0.184682531581
0.189373550501
0.159408251704
0.19727053819
0.167018271961
0.195731717869
0.174211002333
0.195239034278
0.187397885736
0.197057765469
0.186221351901
0.173359065415
0.190003672554
0.197974193403
0.172760188622
0.196435373083
0.208683787048
0.2620579924
0.237056041673
0.238173909709
0.237930959895
0.214527715847
0.175440230966
0.155836823133
0.182447741821
0.225245908944
0.208683787048
0.237359638124
0.247849497497
0.278389266475
0.24426103617
0.227938547655
0.24294709416
0.23453760041
0.221160399653
0.230735896446
0.23176103617
0.261569586405
0.279753440647
0.26491591447
0.270107127886
0.281050401489
0.244821703402
0.238173909709
0.250065197063
0.257537644034
0.267862153293
0.26491591447
0.24426103617
0.261717806465
0.232685042515
0.2138330774
0.215826644191
0.197182531581
0.208683787048
0.183231717869
0.208231717869
0.189328055649
0.201812459885
0.171799081356
0.201937225997
0.225136773177
0.219798721238
0.203476046317
0.220586758775
0.201937225997
0.220290377177
0.201075942508
0.199567005038
0.208795011207
0.214296864121
0.203797498619
0.187271199697
0.21431196916
0.173249895067
0.221043425172
0.189328055649
0.159136479827
0.226360823135
0.151176254933
0.184573361233
0.181266424052
0.197182531581
0.144292879213
0.208820194755
0.213435580632
0.200260172221
0.171908251704
0.173359065415
0.208935373083
0.189417712987
0.203476046317
0.223816525201
0.164966180114
0.17745058435
0.219798721238
0.180967810418
0.182037712663
0.205678588537
0.208672464251
0.20029066453
0.208820194755
0.200415430642
0.208683787048
0.208559020936
0.237777135053
0.226501185011
0.245185042515
0.251065144024
0.24086699494
0.252137691406
0.221523441808
0.231620674294
0.243257374526
0.245185042515
0.243783719921
0.238565144024
0.252883212845
0.250658118977
0.234042048506
0.231034509579
0.234042048506
0.255365239599
0.231034509579
0.257644091393
0.240262734417
0.269736842105
0.252585046732
0.263225884413
0.225156787051
0.251065144024
0.260885743736
0.250909186384
0.245029084875
0.238845227371
0.270601935112
0.244486196656
0.232422237642
0.264721833603
0.225277135053
0.244823519604
0.233527829408
0.232258559537
0.257644091393
0.245185042515
0.232422237642
0.240262734417
0.206152568714
0.234292664569
0.240262734417
0.227550039095
0.19112222331
0.232258559537
0.25
0.201812459885
0.180515917308
0.112053356736
0.151564070002
0.131371660596
0.116861316452
0.153920605066
0.160765490831
0.179584139437
0.166941666207
0.184682531581
0.173359065415
0.220884153769
0.226269257258
0.232422237642
0.213946944943
0.244616918622
0.250839983538
0.24005998905
0.243257374526
0.237682088802
0.238442417042
0.243421052632
0.238984977138
0.213946944943
0.219264342906
0.219264342906
0.228242249097
0.238606095147
0.208672464251
0.239908983484
0.233078834749
0.238606095147
0.215566755806
0.217223395076
0.230603051801
0.217087421379
0.228724650543
0.213382328684
0.22710483968
0.195731717869
0.228724650543
0.246883020716
0.245580132379
0.228407728016
0.226292699254
0.237161954896
0.232422237642
0.257644091393
0.218301129149
0.24022590601
0.248102278572
0.25894697973
0.245580132379
0.260064401877
0.282962726518
0.27080198613
0.244874946535
0.256397082807
0.27080198613
0.257462226831
0.250909186384
0.25894697973
0.257644091393
0.263888888889
0.256397082807
0.282962726518
0.256397082807
0.26975616273
0.256578947368
0.264954032913
0.249807544151
0.249807544151
0.243257374526
0.250658118977
0.255315366927
0.256578947368
0.231620674294
0.257644091393
0.256578947368
0.270825822767
0.243257374526
0.250658118977
0.268455075207
0.268455075207
0.260086304185
0.267440633484
0.25769817033
0.244435054061
0.24984404236
0.287490703331
0.293652775888
0.2753022166
0.255609467872
0.24984404236
0.268636939769
0.289835770178
0.268455075207
0.269536791088
0.281594783488
0.293652775888
0.276937535538
0.295821967273
0.25676103617
0.256578947368
0.27761644376
0.275504047221
0.25769817033
0.256397082807
0.22710483968
0.15271709026
0.13574445108
0.159152814199
0.194249598349
0.173359065415
0.194912451064
0.24426103617
0.244558462049
0.256397082807
0.256397082807
0.251582125322
0.258860091572
0.256397082807
0.250658118977
0.257462226831
0.250839983538
0.2857516465
0.257644091393
0.257644091393
0.264954032913
0.282647817672
0.23129534578
0.268455075207
0.26190203476
0.282962726518
0.260086304185
0.260086304185
0.236420274605
0.260086304185
0.21926103617
0.207848204626
0.220194600523
0.256622607509
0.267113857215
0.250839983538
0.245341278165
0.2625
0.24549878009
0.275592524029
0.247451406595
0.25
0.248733779597
0.243265425512
0.243912873539
0.220053327835
0.237151377896
0.242818817372
0.250813616796
0.24426103617
0.250855768541
0.239318307522
0.245226422781
0.221428273237
0.248236441597
0.268028858339
0.254745100736
0.251209594876
0.245543462954
0.255970865939
0.269206327829
0.278332822116
0.266441534762
0.278159943513
0.266576280271
0.272086009178
0.268816810976
0.279612876804
0.284414455774
0.262885642155
0.265998882717
0.284596387294
0.264063111644
0.255970865939
0.281413210449
0.232021586185
0.283584714721
0.295207409347
0.293655298489
0.254340555021
0.293156277743
0.259802140013
0.272827175647
0.274493636043
0.293502325983
0.281017921747
0.279453912705
0.284857107819
0.26260234869
0.284857107819
0.290721444365
0.295207409347
0.287789276092
0.290721444365
0.293156277743
0.281264990389
0.285903114093
0.280135815939
0.300273680328
0.287789276092
0.288822516976
0.281017921747
0.286384923397
0.287789276092
0.293502325983
0.292945053682
0.291174242451
0.294775149765
0.299716408028
0.258376963332
0.294535566866
0.301306921212
0.301258484036
0.290644347749
0.247538193555
0.300426497099
0.303205848601
0.290721444365
0.257444066663
0.29173535819
0.30687396951
0.29173535819
0.290892997769
0.279870025853
0.291278593286
0.27935146135
0.280181621978
0.280068365753
0.278840628408
0.306266957508
0.284718463001
0.290721444365
0.289025475727
0.290702117306
0.296088446016
0.289025475727
0.199442238926
0.163917670459
0.166143346071
0.218257374526
0.25
0.230471776582
0.260599024852
0.291835865586
0.286444431396
0.314793649833
0.293502325983
0.282433363353
0.249563807386
0.268373108294
0.291411440932
0.268455075207
0.290644347749
0.24851343084
0.306512378727
0.279769814855
0.306639104372
0.310028661223
0.306512378727
0.300273680328
0.279784430209
0.258917615037
0.305423398065
0.298284141591
0.280422282074
0.291302469744
0.283805888338
0.269796721338
0.249575513586
0.315690252837
0.245396784387
0.269536791088
0.2624071324
0.271876251966
0.268206179568
0.26116938848
0.292265503329
0.268627783262
0.264804815709
0.26498668027
0.268627783262
0.300306439001
0.268297195181
0.292265503329
0.25871835723
0.270030789822
0.268480860557
0.279333206144
0.281594783488
0.265264159911
0.301893762578
0.301455918589
0.263888888889
0.289835770178
0.270195321749
0.298543552767
0.284776690132
0.279821425707
0.278111487738
0.313369024508
0.223884995205
0.271805054879
0.263675049056
0.240463633289
0.244322518551
0.244874946535
0.224941224256
0.238808729161
0.238825086661
0.251630765945
0.222024160827
0.226180641715
0.248169103511
0.223366209695
0.222847831733
0.219584284821
0.2230189036
0.212384222414
0.244402115989
0.211090076849
0.197216732621
0.251342567955
0.275733041457
0.249807544151
0.275502267618
0.26620393729
0.267505024813
0.249022800039
0.267411787894
0.256057654036
0.265508836384
0.283307979474
0.26620393729
0.242165826284
0.238825086661
0.199247259435
0.200423553329
0.246256924016
0.243825630507
0.22559804652
0.228643450985
0.232389419111
0.197487964981
0.1646973151
0.187709675834
0.207723438514
0.177964328573
0.149880584236
0.171930270924
0.167001094652
0.179253680326
0.21458344288
0.19883215979
0.213368571566
0.225556731424
0.208559020936
0.234428301135
0.220669137717
0.208232921252
0.214327863601
0.209843831988
0.212894820298
0.191805161164
0.184171435363
0.173490859743
0.199156376266
0.222795579341
0.225259473002
0.198241610269
0.228774130077
0.22101788718
0.204920843637
0.236615124633
0.207441273813
0.208097528693
0.220760802072
0.233896324598
0.248597699844
0.232085590302
0.213575942508
0.226733489394
0.213575942508
0.243584944624
0.262301421655
0.249892072771
0.267323680677
0.251777862363
0.268210592791
0.279209174079
0.244700983363
0.291633353721
0.255606519579
0.293584188276
0.26332002557
0.265226004908
0.258621416391
0.292656439657
0.298727077732
0.281050401489
0.268991309926
0.251463424714
0.276155467488
0.25263304395
0.287388459257
0.263398681569
0.256922349698
0.279215473397
0.25263304395
0.249228294117
0.186569473164
0.199995293566
0.237156783829
0.261589998528
0.245026136582
0.269175299042
0.264396272302
0.262124267336
0.249866534225
0.250826349939
0.238388385061
0.26757954682
0.264303420406
0.227909873206
0.255014126915
0.270775886354
0.22759702277
0.232019069705
0.232661949897
0.213030933508
0.205009951451
0.191493815962
0.259385552162
0.232286254767
0.245750003589
0.220964860209
0.226781268357
0.235081226486
0.233370246809
0.251218501509
0.233394100493
0.263284812021
0.272796362173
0.240315718587
0.245296109573
0.235562821923
0.233730420798
0.232858144695
0.243301903673
0.246754216351
0.234509004144
0.240435394588
0.245296109573
0.246469603353
0.231020812751
0.276281410809
0.251676394033
0.264052822336
0.251220855708
0.229542140392
0.23280164903
0.233394100493
0.258378847384
0.240543212909
0.24523800212
0.239792819236
0.233308369602
0.255098259799
0.251028191978
0.240315718587
0.264892066127
0.228631229941
0.263458261107
0.252009022028
0.245296109573
0.264052822336
0.26971962467
0.280899535009
0.250869208538
0.271143329321
0.287419065261
0.277304496744
0.285591191003
0.261954941405
0.268805719001
0.251028191978
0.249314565161
0.262333661907
0.275896225985
0.23986990208
0.251686893601
0.273006417541
0.261883453569
0.284496416878
0.263056947349
0.268596178804
0.278228344029
0.26755070123
0.249502774607
0.280116825954
0.286860796803
0.291586923863
0.289984511916
0.256158213926
0.250627373807
0.250585522537
0.278630394482
0.286299681064
0.267412845809
0.250627373807
0.293657063761
0.305304353202
0.269844037844
0.267583039166
0.267229762741
0.304331817125
0.286891155674
0.256231181452
0.2465774778
0.2465774778
0.261437641177
0.263900843641
0.249181372226
0.25940063226
0.26190203476
0.261437641177
0.262669242409
0.282581697314
0.267711572045
0.281912499654
0.27800442535
0.249623538534
0.244564691292
0.282762675501
0.294686461206
0.288038735245
0.292082665686
0.238194101877
0.268093872108
0.292082665686
0.30189255235
0.268093872108
0.271440200173
0.247451406595
0.279598261451
0.255609467872
0.24984404236
0.267113857215
0.2465774778
0.288530881494
0.270107127886
0.2949103131
0.293184938616
0.280643650259
0.245029084875
0.245029084875
0.288530881494
0.268596178804
0.279598261451
0.264476735479
0.2942181795
0.283550089738
0.280834461085
0.315000729762
0.313948700987
0.319972036014
0.288441924881
0.292616321308
0.237930959895
0.169098076892
0.176181002422
0.202753304054
0.255820284691
0.232544680639
0.232685042515
0.274376392567
0.256622607509
0.283924604409
0.281611517228
0.275554331009
0.279576542892
0.245029084875
0.256622607509
0.24410507853
0.245098328351
0.283657897749
0.257928050621
0.259095006779
0.264476735479
0.263069926773
0.245029084875
0.245029084875
0.243640684946
0.244564691292
0.249379648776
0.261437641177
0.255145074289
0.243640684946
0.243640684946
0.258339648501
0.237772401955
0.254921372502
0.237788618413
0.276459350295
0.257928595495
0.237772401955
0.238945895735
0.275043498067
0.238945895735
0.250444792801
0.24984404236
0.263069926773
0.24984404236
0.263955575289
0.249623538534
0.240097784505
0.286870843232
0.245341278165
0.269107011745
0.24410507853
0.24410507853
0.256414449385
0.278736277573
0.251065371062
0.254641600904
0.256105048116
0.255145074289
0.248308924329
0.24984404236
0.253987089919
0.24984404236
0.236901603713
0.256376675521
0.243640684946
0.269073887002
0.273460873759
0.286313570932
0.274445026789
0.273460873759
0.238173909709
0.283428494354
0.274445026789
0.273460873759
0.283924604409
0.284965263101
0.291525393386
0.248007878446
0.25704255891
0.269080533026
0.266649463631
0.261954674419
0.254526070872
0.270760562124
0.238279122527
0.279598261451
0.250450285077
0.279209174079
0.262043892544
0.337368828134
0.234640067727
0.175444555883
0.216740090446
0.197479311043
0.234107885538
0.233000813721
0.256058759327
0.284619705315
0.282397631939
0.248020905041
0.259493975169
0.312265099282
0.245835296408
0.245835296408
0.245835296408
0.245835296408
0.402658309842
0.433552660759
0.443744527575
0.402994486515
0.392060541564
0.400660794661
0.401772881827
0.429830971986
0.353805409412
0.471988391935
0.42082679951
0.452562865359
0.487982840169
0.437504030716
0.330275621594
0.385782190997
0.377760472411
0.401278815392
0.335925534474
0.357010654175
0.3519697136
0.3519697136
0.3519697136
0.3519697136
0.348281257678
0.387437192609
0.371656952685
0.32219247636
0.281585551349
0.285838738974
0.262162508319
0.248218614243
0.249379648776
0.269209702603
0.265268915251
0.275402748601
0.277706880128
0.290144845006
0.266824959257
0.260463421791
0.268093872108
0.254268446196
0.24410507853
0.269107011745
0.263069926773
0.250444792801
0.269330071743
0.258081867142
0.245316077569
0.171908251704
0.160420823837
0.190039465064
0.207753771505
0.18167173381
0.202334051389
0.212280854074
0.233527829408
0.23355964706
0.256992804269
0.197230694815
0.228177335925
0.242695172557
0.232126726414
0.213976342881
0.21814257655
0.254852964653
0.238380833787
0.230552667986
0.270004449563
0.277845118158
0.244475397453
0.256427646388
0.26269565644
0.223849676975
0.247027893756
0.250488058941
0.214744143397
0.232360873249
0.232555598776
0.263844685696
0.229528613158
0.239695109231
0.275202807597
0.244653534221
0.20414139601
0.239320490937
0.241666995821
0.24055209217
0.239203793356
0.24255329289
0.243397735133
0.243397735133
0.25417720732
0.243640684946
0.239999914829
0.227167642161
0.251345989106
0.249395772575
0.24133398414
0.233702402074
0.248470459356
0.252636918494
0.238397191286
0.243775670144
0.237290119469
0.254991257767
0.242482700577
0.252708475929
0.263731208925
0.245029084875
0.249860166158
0.23886158487
0.23886158487
0.244872286179
0.257167834002
0.242482700577
0.246452472941
0.268254294242
0.267583039166
0.24410507853
0.234433199496
0.250835156164
0.2465774778
0.226148844907
0.247451406595
0.265581341644
0.26975616273
0.256078649824
0.24410507853
0.243640684946
0.256589482766
0.259935810831
0.266186390285
0.256589482766
0.2519592065
0.25769817033
0.265835803412
0.262330216092
0.270921519522
0.283924604409
0.285426057562
0.259650896843
0.280283863603
0.250801929178
0.269536791088
0.254115785367
0.298565765843
0.27864824746
0.259650896843
0.297104277437
0.283115242653
0.267610967192
0.299329324089
0.274033303749
0.262194682991
0.283763974873
0.264207451657
0.307488006273
0.286513533067
0.265954406125
0.285652946199
0.262194682991
0.263675049056
0.256397082807
0.24984404236
0.243640684946
0.237384681959
0.236361133374
0.250658118977
0.233777253161
0.250801929178
0.225996274424
0.240864738761
0.194627349703
0.137773312666
0.151067313378
0.14953559925
0.124102901025
0.171872215914
0.182890419566
0.219333317034
0.20373636002
0.226941161574
0.215374536449
0.208701515054
0.215993835132
0.250801929178
0.230463396972
0.237978705383
0.218301129149
0.229490332993
0.243257374526
0.241926763006
0.230603758848
0.231393156289
0.221417615037
0.252814697844
0.252814697844
0.241926763006
0.236361133374
0.195499589914
0.205780268518
0.213920642546
0.206193608753
0.256397082807
0.293652775888
0.268350056849
0.263797827258
0.268455075207
0.270195321749
0.244486196656
0.263888888889
0.250611250009
0.256255756075
0.285108038416
0.256933924008
0.285209194363
0.239105234287
0.27143158981
0.278842921802
0.283798310036
0.244381293319
0.258447439758
0.24738682323
0.238472867346
0.258447439758
0.250611250009
0.258666422221
0.253357563259
0.25206217402
0.239923791358
0.243066419102
0.205678588537
0.238258457121
0.257151710203
0.24418883747
0.24679549488
0.2048337978
0.206152568714
0.171258755665
0.210614830132
0.229369986063
0.216515077409
0.231950309186
0.215213293029
0.18615669232
0.172289187415
0.195942954078
0.213677197027
0.238456395916
0.192804252209
0.155484442787
0.199536976836
0.204621385267
0.185126260571
0.185610493683
0.225222974793
0.21214601358
0.197637652864
0.224284396242
0.23171331925
0.253029964051
0.200510981082
0.237980829282
0.218290951376
0.224412906591
0.236551289254
0.217894801298
0.224412906591
0.231730241873
0.230728916254
0.232539980033
0.211355469887
0.238808729161
0.222195378943
0.223717174298
0.252245841766
0.258189693415
0.261763292108
0.231887023605
0.213236342109
0.213682109581
0.213855813936
0.26587540992
0.213677197027
0.229511958531
0.224588891011
0.251216365089
0.250326844464
0.199649070455
0.211355469887
0.225112296122
0.211526541753
0.19553275597
0.21214601358
0.213677197027
0.198257124691
0.199788308139
0.141028074072
0.133606819471
0.105319643671
0.117684862724
0.1346645551
0.189832238951
0.184239931902
0.171930270924
0.153117594886
0.213236342109
0.199708048702
0.206682426543
0.198257124691
0.193012860434
0.211526541753
0.186622092193
0.204065500339
0.213048337108
0.225415430642
0.197637652864
0.218286138457
0.223222096987
0.230969975245
0.227525380045
0.218062489466
0.213048337108
0.223222096987
0.216686149275
0.214758137464
0.244832330832
0.226937225997
0.239001185011
0.244901684444
0.223522032846
0.211526541753
0.250872688175
0.251065144024
0.247810295505
0.237777135053
0.225774205415
0.262505932997
0.264740193081
0.264954032913
0.264954032913
0.277114773302
0.263225884413
0.266329303935
0.238808729161
0.229369986063
0.201413304611
0.205678588537
0.186833428438
0.176051868008
0.155123623354
0.180099560944
0.182322011612
0.198257124691
0.168751456261
0.190907605602
0.192054235654
0.187836981027
0.197487964981
0.177964328573
0.219264342906
0.230798903378
0.231403980319
0.223717174298
0.219264342906
0.238279916765
0.239001185011
0.259252501277
0.257542700922
0.257350245072
0.237505922957
0.257350245072
0.257542700922
0.243098468593
0.251065144024
0.249841094066
0.238808729161
0.26412164829
0.250872688175
0.23974777161
0.249841094066
0.220727517458
0.216686149275
0.210004746398
0.189800379263
0.207200383892
0.197487964981
0.224822086169
0.215701417208
0.187837563651
0.21214601358
0.213677197027
0.186306380203
0.190159805657
0.163970421958
0.218062489466
0.185827949847
0.176832231709
0.159509588266
0.194809676039
0.187837563651
0.192555819648
0.171930270924
0.185275948453
0.195322912593
0.20172645254
0.205678588537
0.162233382828
0.176202531153
0.200510981082
0.205678588537
0.220758843437
0.217406806365
0.162233382828
0.186985748809
0.193860095486
0.187281976921
0.159509588266
0.157611965362
0.195420928102
0.1925206938
0.155123623354
0.168154212897
0.173393088032
0.175646944423
0.184683420199
0.180142676181
0.17363462892
0.178020593832
0.171930270924
0.206444708537
0.185819159813
0.192555819648
0.185192534475
0.206543598156
0.151977362606
0.188560236594
0.192019293895
0.189547364007
0.182037712663
0.178020593832
0.192654709267
0.175578215681
0.182720604587
0.18434041545
0.169136327023
0.195878499323
0.191143489958
0.180702200749
0.203436252896
0.165499498424
0.190059754699
0.17652216079
0.181692611438
0.185315360348
0.170166758773
0.175578215681
0.159979526437
0.173948674762
0.182809232002
0.166093922194
0.176122271717
0.155593561524
0.181189421139
0.181189421139
0.181189421139
0.155123623354
0.186306380203
0.198257124691
0.185819159813
0.181189421139
0.171871292677
0.155593561524
0.161846921722
0.185819159813
0.155484442787
0.145541824386
0.184855836957
0.189938262017
0.148344493939
0.166093922194
0.170769860099
0.168347778585
0.193619283077
0.142435666788
0.197498310187
0.159509588266
0.188230848391
0.187438860583
0.188016180559
0.167544306012
0.157728793895
0.194201824226
0.155593561524
0.182165017857
0.171258755665
0.162784854534
0.151570507105
0.175515170381
0.174679086291
0.157611965362
0.182720604587
0.153575157687
0.16973696031
0.167151634283
0.161631670615
0.155123623354
0.175515170381
0.17005468878
0.179171017301
0.165677579919
0.173993375026
0.175404505622
0.175515170381
0.173868415326
0.161997930274
0.179584139437
0.198985844584
0.203151002969
0.187860879931
0.17169794222
0.155593561524
0.174865852018
0.171258755665
0.177167190908
0.178020593832
0.162233382828
0.188560236594
0.161707957281
0.176096937591
0.179982811082
0.167001094652
0.180702200749
0.188560236594
0.195479906349
0.17169794222
0.149257391468
0.14822703423
0.106032999052
0.139081827488
0.130425266016
0.167485327765
0.21243818524
0.244947190309
0.23049240443
0.229369986063
0.236679927583
0.244666408284
0.251734234496
0.245677022875
0.244858864133
0.230969975245
0.25186849239
0.23049240443
0.223590500767
0.243262146698
0.244486196656
0.238173285131
0.226034902469
0.21214601358
0.231887023605
0.232258559537
0.197637652864
0.219116606721
0.224329270033
0.211974941714
0.198257124691
0.213855813936
0.216686149275
0.231594337762
0.216515077409
0.218222245276
0.242366867186
0.226327658622
0.225112296122
0.245677022875
0.244858864133
0.251875651171
0.229958760312
0.248902814898
0.239582805102
0.225122022028
0.225112296122
0.238299738447
0.230969975245
0.199159448219
0.239848138368
0.225122022028
0.230969975245
0.227566085916
0.244381293319
0.219660103811
0.220758843437
0.250963753553
0.209999357275
0.230969975245
0.22559804652
0.258747753022
0.2326797756
0.244858864133
0.216686149275
0.21811506659
0.205771773868
0.211558853149
0.22579468912
0.213169763885
0.219116606721
0.213169763885
0.237323486664
0.232476392996
0.219017717102
0.220987138548
0.243571919286
0.251437811502
0.239001185011
0.244858864133
0.219264342906
0.2072983994
0.234042048506
0.231788133986
0.2277137172
0.227204468579
0.23312552121
0.233196808315
0.218040292948
0.211355469887
0.239704468579
0.211355469887
0.237286933806
0.193140165627
0.238472867346
0.207200383892
0.219967626473
0.215386997383
0.115384785002
0.097404546314
0.103386419444
0.147958032833
0.231295695254
0.240235484924
0.273711599669
0.29485226635
0.307130434696
0.319209220629
0.295111619994
0.347835332436
0.343028350747
0.328275298544
0.313182035255
0.291217603018
0.321703191752
0.280096405294
0.316056110691
0.27362640855
0.327895619234
0.286293104517
0.28631571937
0.287664978485
0.305752761815
0.286853257525
0.272172752038
0.288480179767
0.270799598447
0.273319766897
0.286211321972
0.305085107924
0.29952496796
0.286853257525
0.281772500086
0.27225325496
0.294925049056
0.275433661363
0.256445431639
0.278723251703
0.265316198056
0.300160609423
0.282259018196
0.284844462472
0.292590756609
0.300160609423
0.301533763013
0.288306914038
0.273319766897
0.286933760448
0.273861037725
0.288306914038
0.278723251703
0.281213163177
0.281213163177
0.283939636769
0.286933760448
0.256397082807
0.114500012356
0.125584612852
0.173670380442
0.217675277499
0.142470224174
0.124210097468
0.15707538012
0.127806840979
0.111106010361
0.114364678738
0.118236279034
0.162043279118
0.175465835
0.185441121055
0.19875220301
0.230091251015
0.181553495496
0.230091251015
0.199308625961
0.228384083148
0.200649073337
0.239707242393
0.232072208182
0.246730598452
0.143962887825
0.140724413245
0.140189768798
0.114291932913
0.127522573475
0.114364678738
0.127657907093
0.190069891311
0.202428437292
0.256932093541
0.223587246357
0.251159313758
0.236695340618
0.259369822502
0.265384849412
0.270799598447
0.288601256793
0.276346433187
0.302748758794
0.306022351454
0.345245452932
0.33079794817
0.134399235444
0.117288655346
0.140337380878
0.107847341985
0.131943608977
0.217427093622
0.257998202673
0.257795187752
0.271612599029
0.271805054879
0.274060507772
0.286933760448
0.278723251703
0.277350098113
0.27283836708
0.267016570148
0.267156411807
0.275029704865
0.280990625733
0.228384083148
0.23026495537
0.182112689247
0.17179503751
0.199384569708
0.197586592848
0.217764873358
0.199308625961
0.20651396521
0.209422001868
0.226176215773
0.228384083148
0.21122925468
0.216057705491
0.222561710148
0.210263522741
0.197735741256
0.101206784001
0.0859572399428
0.134210414463
0.0747336497758
0.120181484793
0.120567377256
0.114364678738
0.114427266532
0.103689082035
0.0898619543419
0.0653592299458
0.111353600899
0.11249946394
0.104735367876
0.114364678738
0.129105168302
0.131466859813
0.117743174746
0.164293665366
0.187904124561
0.212070775554
0.20918920093
0.235098024119
0.220024434957
0.231898503828
0.203765574812
0.215973986902
0.215878882031
0.231477270425
0.222253240978
0.229439890211
0.221681127305
0.229159617022
0.233081508317
0.237130868838
0.23019133596
0.22201483513
0.222771656552
0.241841247567
0.223241979949
0.218078028742
0.243292980422
0.21370357766
0.234888087806
0.201808832994
0.2245820334
0.232207851763
0.209374081118
0.20837105974
0.222771656552
0.208932795552
0.215691592563
0.214894407253
0.219806526075
0.222238564645
0.214274644139
0.228384083148
0.235431526075
0.202400146989
0.171288062361
0.166055890621
0.147310382222
0.142740051967
0.128872547062
0.131254865143
0.171440323551
0.179303109247
0.163708537708
0.140376258609
0.128463066033
0.159670943704
0.173798684341
0.173670380442
0.165435604342
0.149209044466
0.173670380442
0.168709278178
0.163708537708
0.158989874954
0.163708537708
0.156607556873
0.159341757959
0.160073154112
0.137209792213
0.141010971238
0.159959254825
0.173670380442
0.117657638813
0.0676254087123
0.162387781006
0.0632196532291
0.105407636566
0.0939535871166
0.105860117485
0.101606744033
0.0764017975006
0.0899226290019
0.103790133908
0.0717765262749
0.0933882262411
0.0956667376101
0.114192041574
0.0937946749296
0.0958574045746
0.0778573907504
0.111353600899
0.094845712364
0.0995970720192
0.0843729905245
0.0817494361839
0.109299371045
0.0850014385129
0.117657638813
0.114937119278
0.117403382228
0.111216253037
0.129559832792
0.105493172499
0.12409121119
0.129190109246
0.108187134503
0.114484226893
0.152367661449
0.12499822201
0.146376809768
0.125105141926
0.131469828632
0.124522070815
0.135142985848
0.128793961297
0.0966764801816
0.0972632121984
0.12222230953
0.102496450067
0.0894113011544
0.108219530604
0.0894113011544
0.0769268969184
0.111176669724
0.0791198793746
0.134120322016
0.117977576735
0.160137394758
0.15811145485
0.130376445038
0.108440340558
0.118599031991
0.0915401316608
0.1406958991
0.105493172499
0.108771894409
0.115727090628
0.131634268833
0.102310692633
0.115450400914
0.100036125261
0.089225543721
0.119275141472
0.127186622389
0.0666354751386
0.117745379944
0.117892040802
0.105443618125
0.105493172499
0.119382061388
0.105493172499
0.120185697634
0.130146502491
0.105407636566
0.111431758182
0.108495552969
0.140604966819
0.105407636566
0.130461980971
0.14435086986
0.15811145485
0.115053600127
0.144243949944
0.162387781006
0.0776726267552
0.115053600127
0.131866465624
0.118674258686
0.122329229447
0.128100086368
0.122132509168
0.108354804625
0.105443618125
0.118330120351
0.121359238885
0.111130717104
0.115991693841
0.105307415066
0.0805243640275
0.0791642015636
0.103003880518
0.054926964131
0.0540144263726
0.0913543742274
0.105407636566
0.134308269307
0.145983717632
0.149146232647
0.129843552303
0.120898009946
0.163842118058
0.145983717632
0.152224999401
0.135389886562
0.143965313794
0.145983717632
0.142367518713
0.127858098126
0.1242759755
0.159851222537
0.131527348916
0.148030316705
0.131759545708
0.145627050614
0.15811145485
0.15346603895
0.138764816262
0.170724162985
0.153575157687
0.1578328187
0.166748882506
0.157451433822
0.131527348916
0.145523157721
0.131866465624
0.16131462007
0.159979526437
0.143965313794
0.143965313794
0.15346603895
0.119089384039
0.117726600245
0.124072636549
0.114484226893
0.111382362535
0.0862983513758
0.09435473139
0.128700127337
0.107897947815
0.122329229447
0.0801201700368
0.0834683608657
0.0942254997894
0.0862983513758
0.105221879133
0.108243620279
0.114725702515
0.0942905794403
0.133371482724
0.132116212726
0.100196728363
0.0806625627799
0.105246897846
0.0913543742274
0.132116212726
0.103792339105
0.129205026226
0.129277772051
0.129277772051
0.114821403335
0.117745379944
0.119539744685
0.111094289559
0.119089384039
0.130824571004
0.149489373878
0.140326330669
0.141028074072
0.137457661441
0.1578328187
0.174539573663
0.166596621316
0.162710822193
0.138655441366
0.153360254979
0.161718617822
0.183400627039
0.158999899489
0.153973914562
0.171801967025
0.177167190908
0.145394853822
0.1578328187
0.161846921722
0.154166500389
0.13619264418
0.124769007457
0.123107046115
0.133545752754
0.133268667572
0.114318117396
0.141926341326
0.138316144416
0.142367518713
0.124583085838
0.118330120351
0.133892405532
0.108243620279
0.10276105328
0.11781914448
0.110901502551
0.108243620279
0.121256298645
0.0973273641482
0.119089384039
0.118386606127
0.131634268833
0.110987038484
0.108114388678
0.132201748659
0.117745379944
0.14407223371
0.148331059035
0.132201748659
0.159851222537
0.132201748659
0.132201748659
0.146090637548
0.126217476488
0.134463554129
0.142344734507
0.120596049224
0.1210133538
0.135389886562
0.130183344821
0.132201748659
0.132116212726
0.134220152496
0.120596049224
0.112437616944
0.0898459857815
0.128211494864
0.0652309904857
0.148002121469
0.159851222537
0.212150926133
0.203178969057
0.207848234306
0.217235734499
0.222881723144
0.206152568714
0.20847756192
0.212150926133
0.198107436808
0.224588891011
0.183604465215
0.192502388896
0.21733199163
0.205953561433
0.225304153969
0.215624823763
0.218942902367
0.21733199163
0.217235734499
0.22390254681
0.1901402002
0.186490318151
0.212324630488
0.199712961256
0.18566947193
0.18566947193
0.174935914014
0.159851222537
0.146269889852
0.131527348916
0.129277772051
0.152764295547
0.119868925707
0.120596049224
0.129563944271
0.141874796336
0.130915503285
0.146090637548
0.14735095562
0.167435187275
0.178698374356
0.131527348916
0.1578328187
0.148344493939
0.171801967025
0.206238957275
0.224066077837
0.18741108606
0.219768562601
0.205799414275
0.192393388607
0.211355469887
0.205533096888
0.206152568714
0.163969004071
0.181062115946
0.192393388607
0.192393388607
0.194140504663
0.191481676986
0.187806260294
0.192393388607
0.179253680326
0.205533096888
0.207770140723
0.206152568714
0.207330597723
0.198107436808
0.205450825311
0.193012860434
0.230798903378
0.229909858579
0.203517917477
0.225644507824
0.202797260386
0.211223407233
0.215331409291
0.23792797934
0.249986744824
0.204700764412
0.231103239405
0.203178969057
0.254022182157
0.271217749978
0.217859474545
0.25853391319
0.251452184109
0.216764723426
0.264276259594
0.244570367938
0.213248804563
0.199009760337
0.236015963189
0.266663919012
0.251983413524
0.237286933806
0.108243620279
0.0837038823231
0.0791266082509
0.0776165271444
0.103627353068
0.131634268833
0.145983717632
0.160936710981
0.190795221029
0.165904003828
0.203517917477
0.200510981082
0.213682109581
0.219305896183
0.206152568714
0.211974941714
0.179873152153
0.193915183962
0.206152568714
0.218290951376
0.231243249929
0.224183778384
0.192393388607
0.206152568714
0.207150668896
0.219973892691
0.205628873541
0.212652368941
0.195606951757
0.193012860434
0.192014617095
0.192014617095
0.218672805168
0.230382582314
0.207330597723
0.230736764182
0.20510021516
0.214797830008
0.232258559537
0.230736764182
0.223614977821
0.244869950153
0.218672805168
0.20029066453
0.232037851705
0.238994101673
0.230736764182
0.205533096888
0.220456294137
0.230900442287
0.194140504663
0.204621385267
0.218672805168
0.207150668896
0.20029066453
0.20029066453
0.187806260294
0.199378952909
0.18842573212
0.187806260294
0.201042539341
0.2072983994
0.188534902469
0.219732973337
0.225277135053
0.211255339698
0.242664663156
0.226501185011
0.223755339698
0.211255339698
0.231996618872
0.250303375122
0.187915430642
0.230759901251
0.233382458808
0.231996618872
0.198893635287
0.208231717869
0.238879914387
0.199979389656
0.202614762828
0.185260188622
0.221144042154
0.19565352588
0.190135757911
0.197680301322
0.190563373221
0.218571919286
0.208177759612
0.214001185011
0.224979389656
0.187915430642
0.225277135053
0.232358864133
0.209239280249
0.209239280249
0.242531491758
0.231071919286
0.229655836692
0.224976530379
0.243406829793
0.262834703443
0.249501834455
0.268925386382
0.270328291965
0.270172334325
0.26412164829
0.230736764182
0.26412164829
0.275551715984
0.26412164829
0.26412164829
0.269939828106
0.327258919119
0.314315603741
0.303939705776
0.301375946478
0.256150475219
0.276830267949
0.2870579924
0.302929178764
0.293652775888
0.256397082807
0.289865083053
0.281794834506
0.301658538763
0.295902383781
0.314315603741
0.296726631565
0.307010721643
0.295902383781
0.295902383781
0.301649267984
0.275843223947
0.303223028807
0.301867505458
0.303004791333
0.288509559704
0.314533841214
0.301649267984
0.284063763023
0.270601935112
0.301649267984
0.301867505458
0.285085254883
0.320542084864
0.216686149275
0.165103984978
0.164146193103
0.102383438458
0.176420604651
0.245580132379
0.243262146698
0.257644091393
0.245919806959
0.26267518112
0.231079786419
0.244322518551
0.238279916765
0.26412164829
0.271217749978
0.255183375038
0.288804251247
0.262885380228
0.285085254883
0.277079492009
0.278607697986
0.277079492009
0.256578947368
0.25894697973
0.231724062825
0.242043666757
0.257542700922
0.238279916765
0.285085254883
0.243262146698
0.243571919286
0.250909186384
0.230900442287
0.231034509579
0.215795895629
0.197680301322
0.20190700674
0.183704449611
0.199822509571
0.169959244701
0.212496131232
0.217597055901
0.192393388607
0.201937225997
0.191608982179
0.220194600523
0.192393388607
0.218672805168
0.226360823135
0.207917871227
0.202441319804
0.201285266425
0.236516249478
0.232358864133
0.20029066453
0.205678588537
0.201034902469
0.232203330624
0.218436443026
0.213394540592
0.213394540592
0.220823460443
0.201812459885
0.212479389656
0.201392014663
0.232544680639
0.207355351638
0.214001185011
0.223614977821
0.229676392329
0.211253273411
0.223614977821
0.225136773177
0.224841094066
0.238565144024
0.212652368941
0.223755339698
0.223755339698
0.235976682232
0.218447153174
0.232358864133
0.201937225997
0.231198187684
0.226815955373
0.204465539985
0.196226080819
0.201415522874
0.193075038164
0.200705336995
0.206493434936
0.208683787048
0.237805858816
0.232544680639
0.225136773177
0.23811623866
0.239582805102
0.221183787048
0.225277135053
0.259025818108
0.214001185011
0.220185042515
0.219264342906
0.245580132379
0.245042700922
0.226360823135
0.251065144024
0.238424782148
0.241197882177
0.244881957561
0.233876131545
0.239202489365
0.251065144024
0.249841094066
0.256420041435
0.23720073219
0.246106007519
0.232335597102
0.214001185011
0.226360823135
0.237882013614
0.251437811502
0.207906605991
0.249841094066
0.21774254755
0.232817998548
0.195322912593
0.115022207313
0.123448962105
0.0980534097355
0.0978212677762
0.164146193103
0.102807324876
0.126336992806
0.166112628733
0.169901328954
0.1925206938
0.182263033365
0.182106627793
0.177614237492
0.201954250962
0.200415430642
0.193075038164
0.21009592133
0.200415430642
0.174761926687
0.192420626819
0.157199493653
0.177576779664
0.177559754699
0.188537959343
0.200415430642
0.20029066453
0.214018209976
0.191131366872
0.190059754699
0.203476046317
0.201937225997
0.212479389656
0.218836483274
0.225277135053
0.232309663206
0.232422237642
0.218836483274
0.236992971918
0.232309663206
0.251065144024
0.236992971918
0.242207344862
0.237341094066
0.224004060159
0.219858864133
0.226501185011
0.250963753553
0.238565144024
0.21243818524
0.223689585532
0.219858864133
0.210222607368
0.239961682542
0.203349360279
0.215413319293
0.214001185011
0.226360823135
0.214001185011
0.190864956043
0.239351379198
0.199995293566
0.222659327224
0.194565856997
0.181013424652
0.212479389656
0.212913205142
0.226501185011
0.196314037746
0.166540218248
0.200167964705
0.224716327954
0.231862680251
0.213876418899
0.212913205142
0.223664125054
0.237882013614
0.242699165769
0.22823485933
0.251065144024
0.23811623866
0.224839027779
0.270014198336
0.213173285131
0.145517950588
0.199092970038
0.186729485284
0.1475306748
0.179684784518
0.180515864914
0.208587161627
0.23093155741
0.189328055649
0.201812459885
0.214018209976
0.207907433884
0.179794590009
0.211709928128
0.230081638011
0.235413211219
0.214450105536
0.225397609378
0.208168270085
0.20029066453
0.197009613842
0.220180828397
0.21813410884
0.237805858816
0.200415430642
0.201075942508
0.200415430642
0.224979389656
0.243257374526
0.219512373307
0.207200383892
0.218258874952
0.205575038164
0.232142857143
0.193075038164
0.223786292231
0.219797695272
0.230758874952
0.24380643286
0.214057996104
0.250800075448
0.201937225997
0.243421052632
0.219118851256
0.225537971254
0.23157633232
0.224716327954
0.236286292231
0.238424782148
0.24426103617
0.232685042515
0.238424782148
0.244322518551
0.219118851256
0.262046840837
0.245040863495
0.244486196656
0.252302887944
0.269503169432
0.238308655218
0.287715071398
0.248710432082
0.275725884413
0.281794834506
0.27541967988
0.281538625543
0.244322518551
0.26339359062
0.245580132379
0.239001185011
0.25677856515
0.251763989884
0.238308655218
0.267107441143
0.2745579924
0.269299957141
0.269736842105
0.305792075376
0.2745579924
0.263565144024
0.263225884413
0.264188268565
0.288509559704
0.285354595517
0.2625
0.269736842105
0.264599675653
0.251065144024
0.25676103617
0.238424782148
0.175553726231
0.157879654999
0.192420626819
0.171292737708
0.16460677562
0.155090390195
0.149610854829
0.149530007523
0.149530007523
0.172632159146
0.149610854829
0.123591430948
0.162846661316
0.199470709693
0.24832600678
0.291811433047
0.271029837239
0.280904298723
0.300942941504
0.33049282969
0.284718463001
0.309326474015
0.294775149765
0.299334552619
0.306639104372
0.294775149765
0.272927471447
0.317190934929
0.286444431396
0.286615984801
0.27890570397
0.306451955204
0.268010373353
0.225401732095
0.190508360679
0.196207357421
0.244993499994
0.249016430275
0.256099798434
0.264375911013
0.256255756075
0.252212274047
0.244902339045
0.258231952198
0.244599710667
0.231425750262
0.237802345951
0.238299738447
0.231594337762
0.250409084729
0.245734362792
0.263730657571
0.236679927583
0.262652838881
0.250572762835
0.237414868098
0.256995752563
0.250909186384
0.238133821486
0.272352073961
0.259194179224
0.256255756075
0.244902339045
0.262001834455
0.282507300245
0.26190203476
0.275566480686
0.286240354718
0.282656738561
0.275620294486
0.26413759178
0.251437811502
0.232358864133
0.275940542397
0.26190203476
0.269096679557
0.261845876815
0.242699165769
0.262058990514
0.27140853396
0.257386743281
0.24380643286
0.244651710203
0.245486196543
0.255970865939
0.289865083053
0.245152294592
0.256612275321
0.256150475219
0.243511365785
0.206071919286
0.167837499726
0.139218310849
0.155814060134
0.181770026114
0.143059109804
0.169687260499
0.207062358723
0.212777135053
0.231255756075
0.232358864133
0.252157535696
0.2745579924
0.23811623866
0.26412164829
0.262703515667
0.265424536627
0.243421052632
0.244902339045
0.238845227371
0.239899727628
0.237161954896
0.236286292231
0.25894697973
0.225122022028
0.244874946535
0.260086304185
0.230815794773
0.251065144024
0.243257374526
0.226818574395
0.256646937045
0.252583564416
0.240103964345
0.237359638124
0.232422237642
0.241202615965
0.243315794773
0.2375
0.247408895856
0.265424536627
0.23720073219
0.233725125979
0.264802887944
0.282883815167
0.235344936843
0.258401744232
0.238845227371
0.26339359062
0.225277135053
0.251065144024
0.275725884413
0.2625
0.251065144024
0.251065144024
0.224324263485
0.257386743281
0.239001185011
0.226360823135
0.239001185011
0.232358864133
0.226501185011
0.251065144024
0.238017327491
0.226501185011
0.226501185011
0.226501185011
0.249685136426
0.212915430642
0.259724686946
0.260040915453
0.225277135053
0.231824754101
0.239001185011
0.239001185011
0.204886260673
0.226501185011
0.19300451707
0.243258874952
0.224979389656
0.22502917839
0.197119069042
0.256255756075
0.243755756075
0.225972867346
0.244993499994
0.251590319969
0.257493499994
0.24504417678
0.242468811228
0.263565144024
0.264267769899
0.251590319969
0.238398613217
0.256099798434
0.253756550656
0.250921336061
0.250921336061
