0.215988433028
0.216525205722
0.229197783695
0.220520766075
0.237099660836
0.24325732384
0.260043104213
0.241979208624
0.224204912954
0.3175428765
0.334499592174
0.340778194022
0.34769023625
0.365964478832
0.338336805215
0.366718592921
0.278828817901
0.173755406323
0.19640719001
0.267571663346
0.316891888385
0.359706424339
0.367549035105
0.385832295693
0.358656877126
0.356765508216
0.360185783564
0.376022368698
0.295570143301
0.316821317271
0.316241333342
0.327732421625
0.295452573415
0.25838609385
0.28392953223
0.287652744133
0.252355730296
0.258060829819
0.18392444152
0.187631254871
0.204328763492
0.242452149903
0.307005498052
0.33930252487
0.321835101052
0.342495893205
0.328432959652
0.335634551491
0.335758583931
0.314019453496
0.31529158301
0.330386859583
0.348297310341
0.347904505867
0.327182311875
0.354393145329
0.357760502079
0.341407178228
0.316895024024
0.357760502079
0.349913864021
0.336155934172
0.340984462544
0.339404454451
0.356006379295
0.382886759462
0.335191272327
0.358240099161
0.317443908197
0.321396240597
0.35654894397
0.316103711013
0.341377095403
0.348297310341
0.342000865878
0.349004055022
0.33920387428
0.350522374855
0.338794445747
0.33376075053
0.313861899229
0.3353108464
0.223671847914
0.210747870315
0.186373630788
0.234567181556
0.275559160907
0.289741509815
0.300917498571
0.304055371223
0.332202827605
0.297140851674
0.350961264925
0.334116245938
0.341424309548
0.341222191285
0.34009081832
0.346851812789
0.353853803414
0.331682513891
0.333586425529
0.349792564667
0.353113478639
0.347443778415
0.313935465498
0.188167407208
0.249528212951
0.201921235747
0.210951412874
0.280886310818
0.318555185494
0.354071626916
0.331884632155
0.329519547643
0.333838354103
0.342270354928
0.318541015279
0.31871756202
0.342918513992
0.353487102119
0.322311852949
0.316792799548
0.333840806016
0.312240016799
0.342165473218
0.316892810643
0.342165473218
0.309729179986
0.333131609422
0.325267470668
0.332422838666
0.343704165988
0.315625641043
0.223779897389
0.210930912854
0.187335668543
0.233978168309
0.258607367077
0.2554806812
0.290509393193
0.297141183152
0.33288352788
0.325974215349
0.333131609422
0.331021079476
0.331021079476
0.311941724689
0.289284257765
0.311941724689
0.330175991703
0.224383449252
0.172378175167
0.231850541786
0.201999871014
0.175605839349
0.190385938105
0.250053701601
0.301435296645
0.295153935169
0.321659026828
0.286387479498
0.299432605541
0.28530954843
0.29377352619
0.192644558121
0.180096166005
0.168103399424
0.168201112731
0.162436409827
0.223767758494
0.270413989075
0.274337992116
0.235511952919
0.195100981564
0.181045472257
0.187647149777
0.210016240542
0.255
0.287829130938
0.27907225515
0.298218312231
0.295373245053
0.287897734069
0.207544517079
0.19000435315
0.186441343655
0.180745093891
0.184156937116
0.225896568304
0.265900063801
0.260154774215
0.204054304419
0.187939053195
0.196624189099
0.207175170198
0.235657744795
0.274260577985
0.284904065619
0.304361368431
0.307766994552
0.317183559292
0.309184597493
0.307766994552
0.32328018837
0.300501798866
0.309761058125
0.300055183024
0.315481235386
0.317297667018
0.316699034823
0.332920135813
0.327568486752
0.315493962291
0.320639759841
0.313582805231
0.333339123977
0.311371597811
0.321530682758
0.311360076486
0.349436142488
0.270489469062
0.204255527496
0.186382881825
0.185218487278
0.162425269273
0.148653777786
0.194517320556
0.206771033823
0.187356127249
0.206107412731
0.219089588448
0.167772755433
0.198678735911
0.18449589406
0.169320878574
0.175435765772
0.215187990711
0.292921693863
0.305624602003
0.290913691395
0.202244162617
0.170652434323
0.174405414867
0.169599535233
0.214095037825
0.248312030917
0.283017714516
0.305374106099
0.296791539011
0.28132311975
0.285352099862
0.285197682651
0.290740960277
0.300644939625
0.290886011707
0.181945201582
0.178038869251
0.159923799154
0.176571219122
0.1827225034
0.243585223989
0.241685380573
0.279533327591
0.280243437848
0.274843960196
0.310432351797
0.280953548106
0.171500421221
0.188081398547
0.17440448852
0.158797798489
0.166258456324
0.281597494001
0.281973369898
0.289702820768
0.291589503588
0.300817670742
0.275719598785
0.158797798489
0.16867401838
0.16867401838
0.185395610003
0.228659852851
0.256810024821
0.328684800183
0.321530682758
0.281929274607
0.155690961001
0.158759219184
0.181564344524
0.211527206316
0.281597494001
0.279675208164
0.199488653666
0.178102806062
0.158797798489
0.223791214664
0.234710670868
0.266693077637
0.290147417196
0.295895193369
0.311496771951
0.309722241539
0.323790620385
0.29931274935
0.327978045991
0.332076101177
0.216148324795
0.168413183105
0.178102806062
0.163040870855
0.231241084577
0.260015471755
0.281066549607
0.285121603479
0.295633661079
0.301634693823
0.320411928924
0.290978448971
0.299348167698
0.158797798489
0.179221702636
0.165242408805
0.153565939496
0.153787962982
0.261319464339
0.275593171945
0.291095994128
0.276308241334
0.270571440882
0.185124034835
0.162199493653
0.18279540078
0.220854698363
0.280509054092
0.293164349037
0.231971502313
0.168487421447
0.177119664246
0.142565880803
0.225577447337
0.295312243151
0.295312243151
0.317878306304
0.319827363124
0.279533327591
0.163105777822
0.16425947727
0.175321986999
0.195395610003
0.270355871488
0.250127337534
0.162157795583
0.158797798489
0.163430549909
0.22140365441
0.240788680607
0.187718190677
0.173105777822
0.149257960163
0.185395610003
0.228659852851
0.280953548106
0.315441619774
0.306554800888
0.289525337178
0.321530682758
0.307951675958
0.320309898685
0.290235447435
0.305996186117
0.300139426783
0.309926838955
0.311980671233
0.331522692346
0.299756232682
0.296521882513

