0.276927431088
0.272304374064
0.272525673947
0.272999854253
0.294338763937
0.285744178005
0.291082972087
0.294338763937
0.280338263324
0.293779748432
0.28552201702
0.27722293558
0.263258468601
0.269036273339
0.254153101638
0.259664101706
0.259664101706
0.25134922539
0.251073006632
0.268127884418
0.255718100788
0.254784024637
0.268463648376
0.250548461901
0.286200458896
0.286773393742
0.277551137005
0.28538165091
0.281370656137
0.281592817122
0.272943495232
0.273055779822
0.264134858834
0.282670989741
0.27722293558
0.282165751968
0.282165751968
0.278164080664
0.267926952569
0.280445977571
0.30283239252
0.2805753681
0.295329751255
0.280175083125
0.294072885563
0.308254695155
0.294534172182
0.301634104174
0.302094624747
0.290150641821
0.301634104174
0.322270681035
0.305676596577
0.293981042868
0.284733782144
0.294015645603
0.31069981346
0.296910871052
0.302371105902
0.310911371665
0.30288963248
0.294072885563
0.29825499909
0.30080231758
0.297405128979
0.305676596577
0.306137883195
0.289113660213
0.288595994736
0.296533594758
0.30479132617
0.312823592539
0.304330805597
0.32945334517
0.329868054791
0.338775551354
0.322269430017
0.322532989673
0.292317116672
0.275469062192
0.27551752288
0.300302377321
0.291984525016
0.280026568522
0.281078950888
0.27549478053
0.279737572095
0.274951396716
0.271774091223
0.266966332175
0.262444613478
0.280255237571
0.271774091223
0.283726793604
0.28805244841
0.282994226316
0.279737572095
0.304330805597
0.305251846744
0.293378303502
0.301816506634
0.308418058097
0.305251846744
0.296239029353
0.296476449855
0.306193220051
0.301948668776
0.294297413909
0.297629657324
0.297021194854
0.306567836424
0.311371892238
0.302555145321
0.305887388736
0.310419675684
0.319583618921
0.305887388736
0.315345925323
0.310177380677
0.333137022401
0.3187117563
0.327978109752
0.296956659869
0.284410292148
0.245571525994
0.258668217442
0.267905723433
0.276117516847
0.27559985137
0.271822266213
0.263203342269
0.276927431088
0.250999630189
0.250556069181
0.276927431088
0.2768932483
0.27722293558
0.276152560736
0.27559985137
0.276705270103
0.276927431088
0.305426868163
0.311371892238
0.322269430017
0.30496634759
0.30496634759
0.305426868163
0.305426868163
0.314156454099
0.320683615067
0.311371892238
0.331224379408
0.314415074275
0.318312738919
0.323366951723
0.315618726913
0.309745879614
0.318323549541
0.315564108648
0.308457053527
0.305887388736
0.309577840285
0.314415074275
0.314156454099
0.305610351116
0.296770700395
0.319640957601
0.309053600089
0.319640957601
0.311371892238
0.305887388736
0.305887388736
0.300762897894
0.291653924806
0.296022483959
0.296711505385
0.313329901929
0.304951944522
0.296310179822
0.300414612754
0.313744633686
0.313329901929
0.31469110716
0.313284113112
0.313284113112
0.304837114987
0.292225625289
0.289769030742
0.299593901612
0.288367136862
0.300669998283
0.331087776912
0.329822485527
0.323517125043
0.296994115332
0.331548055796
0.306239008868
0.311703166102
0.304837114987
0.3213169974
0.301888831862
0.310581009741
0.310880196257
0.316048740904
0.314887139763
0.310911371665
0.305412465095
0.310911371665
0.294297413909
0.288104880784
0.300414612754
0.304318346101
0.30479132617
0.28552201702
0.286039682497
0.305412465095
0.296162144565
0.300199097366
0.300589698827
0.298050486805
0.302135974776
0.283532902744
0.287587215307
0.296162144565
0.301644278795
0.296176547633
0.284969307654
0.27722293558
0.27722293558
0.294072885563
0.311371892238
0.29057328331
0.288455436744
0.280175083125
0.290382811299
0.289291349874
0.297285726398
0.297063565413
0.301900714758
0.264533435893
0.265125338915
0.285554189236
0.281180184126
0.281180184126
0.272983304911
0.272464490342
0.276535518144
0.281592817122
0.281592817122
0.290382811299
0.267575175051
0.299858368976
0.297052153545
0.328469805732
0.326744772602
0.321435189194
0.327379461892
0.332277270417
0.340325055167
0.324914290382
0.345680207839
0.331684658292
0.329177100275
0.331348683921
0.330225326248
0.344785325595
0.337946132112
0.328160484848
0.321138468855
0.312645681913
0.322013699049
0.321138468855
0.322684139638
0.322013699049
0.314462285414
0.321401262466
0.322013699049
0.322013699049
0.308657614242
0.333309639983
0.332855075857
0.312986016181
0.31944392048
0.330282764412
0.313520912107
0.313520912107
0.327726123178
0.305215309958
0.311622386697
0.328009285159
0.318935986124
0.326790341866
0.313060391533
0.313060391533
0.319528661591
0.319279699223
0.312829259325
0.302344353161
0.31998994821
0.311161100078
0.311161100078
0.319905207099
0.310911371665
0.302596495349
0.293779748432
0.312368738752
0.293113434973
0.293779748432
0.293113434973
0.310456128601
0.301883066543
0.305868900462
0.288370605289
0.29643594741
0.291868399849
0.300830819091
0.288889131867
0.279508041943
0.281988509485
0.280560424309
0.272452896566
0.262781769288
0.271510571411
0.27549478053
0.271510571411
0.271510571411
0.271917463653
0.26673664568
0.263453680941
0.250172656734
0.25017085643
0.258884545128
0.271304600736
0.251113636551
0.272735526191
0.298431002815
0.299389541597
0.311161100078
0.314951672065
0.305659055469
0.305281032803
0.305281032803
0.310453446596
0.317518723256
0.328483222353
0.307740615521
0.306769245957
0.324723098422
0.308388590226
0.312958808973
0.307263441044
0.316663498149
0.321820368107
0.307930489978
0.304081232272
0.303474718963
0.308152001618
0.29089124833
0.30809894651
0.286734302068
0.311407231352
0.293312029937
0.298878466995
0.325229424822
0.313079340384
0.325024523351
0.310453446596
0.305281032803
0.310453446596
0.285148510561
0.301852832495
0.301832756941
0.298444958825
0.284155907369
0.275988719503
0.293709953577
0.276526058437
0.214013432125
0.18181486556
0.185121743867
0.170526959943
0.216881885611
0.22533012888
0.28117074399
0.255010730532
0.250233088981
0.267389411062
0.250157320131
0.258773842102
0.263989113854
0.280470699557
0.276770978566
0.285327336079
0.284879493739
0.276279232287
0.294788033453
0.284588980955
0.284879493739
0.284879493739
0.284879493739
0.27995303408
0.290617036807
0.298605975845
0.289277645563
0.28508146294
0.289495158219
0.302973563736
0.307538993531
0.299128466152
0.307034682616
0.297058794017
0.28835527608
0.288889131867
0.28494735104
0.28835527608
0.284155907369
